37.780998	2	0.872772	-0.439107	0.207869	-0.006706	0.016096	-0.010118	-0.713320	0.104690	-0.532936	-0.069246	-0.482801	-0.872988	-0.557474	-0.706976	0.435209	-0.827301	0.516805	-0.220194	0.000000	0.000000	0.000000	0.100000	0.000000	0.000000	0.000000	0	0.000000	0.000000	0.000000	0.000000	0.000000	0.000000	2.039193	1.061295	-1.713250	0.000000	0.000000	0.000000	0.000000	0.000000	0.000000	0.000000	0.000000	0.000000	0.000000	0.000000	0.000000	0.000000	0.000000	0.000000	0.000000	0.000000	0.000000	0.000000	0.000000	0.000000	0.000000	0.000000	0.000000	0.000000	0.000000	0.116625	0.000000	0.018000	-0.020800	0.000000	0.000000	0.000000	0.000000	0.000000	4	4	4	5	5	5	5	13.893258	119584	120360	119778	83110	0	0.000000	0.000000	24.525002	256.000000
38.889000	1	0.874160	-0.438237	0.212969	0.002017	-0.002006	0.003454	-0.713597	0.104449	-0.535092	-0.066144	-0.483499	-0.872842	-0.551711	-0.711156	0.435743	-0.831409	0.510378	-0.219713	0.000000	0.000000	0.000000	0.100000	0.000000	0.000000	0.000000	0	0.000000	0.000000	0.000000	0.000000	0.000000	0.000000	2.037818	1.060997	-1.706755	0.000000	0.000000	0.000000	0.000000	0.000000	0.000000	0.000000	0.000000	0.000000	0.000000	0.000000	0.000000	0.000000	0.000000	0.000000	0.000000	0.000000	0.000000	0.000000	0.000000	0.000000	0.000000	0.000000	0.000000	0.000000	0.000000	0.116625	0.000000	0.018000	-0.020800	0.000000	0.000000	0.000000	0.000000	0.000000	4	4	4	5	5	5	5	13.849213	443261	400051	434623	460549	0	0.000000	0.000000	24.525002	256.000000
38.903999	1	0.874160	-0.438237	0.212969	0.002017	-0.002006	0.003454	-0.713597	0.104449	-0.535092	-0.066144	-0.483499	-0.872842	-0.551711	-0.711156	0.435743	-0.831409	0.510378	-0.219713	0.000000	0.000000	0.000000	0.100000	0.000000	0.000000	0.000000	0	0.000000	0.000000	0.000000	0.000000	0.000000	0.000000	2.037818	1.060997	-1.706755	0.000000	0.000000	0.000000	0.000000	0.000000	0.000000	0.000000	0.000000	0.000000	0.000000	0.000000	0.000000	0.000000	0.000000	0.000000	0.000000	0.000000	0.000000	0.000000	0.000000	0.000000	0.000000	0.000000	0.000000	0.000000	0.000000	0.116625	0.000000	0.018000	-0.020800	0.000000	0.000000	0.000000	0.000000	0.000000	4	4	4	5	5	5	5	13.886966	119588	120300	119776	83108	0	0.000000	0.000000	24.525002	256.000000
38.922001	2	0.868280	-0.436379	0.210849	-0.024159	0.011190	-0.001742	-0.712974	0.103211	-0.535916	-0.064323	-0.483673	-0.872882	-0.549025	-0.713266	0.435686	-0.833327	0.507259	-0.219669	0.000000	0.000000	0.000000	0.110000	0.000000	0.000000	0.000000	0	0.000000	0.000000	0.000000	0.000000	0.000000	0.000000	2.037791	1.061078	-1.703009	0.000000	0.000000	0.000000	0.000000	0.000000	0.000000	0.000000	0.000000	0.000000	0.000000	0.000000	0.000000	0.000000	0.000000	0.000000	0.000000	0.000000	0.000000	0.000000	0.000000	0.000000	0.000000	0.000000	0.000000	0.000000	0.000000	0.116550	0.000000	0.015000	-0.020600	0.000000	0.000000	0.000000	0.000000	0.000000	4	4	4	5	5	5	5	13.886966	119588	120300	119776	83116	0	0.000000	0.000000	24.525002	256.000000
39.661999	1	0.868280	-0.436379	0.210849	-0.024159	0.011190	-0.001742	-0.712974	0.103211	-0.535916	-0.064323	-0.483673	-0.872882	-0.549025	-0.713266	0.435686	-0.833327	0.507259	-0.219669	0.000000	0.000000	0.000000	0.110000	0.000000	0.000000	0.000000	0	0.000000	0.000000	0.000000	0.000000	0.000000	0.000000	2.037791	1.061078	-1.703009	0.000000	0.000000	0.000000	0.000000	0.000000	0.000000	0.000000	0.000000	0.000000	0.000000	0.000000	0.000000	0.000000	0.000000	0.000000	0.000000	0.000000	0.000000	0.000000	0.000000	0.000000	0.000000	0.000000	0.000000	0.000000	0.000000	0.116550	0.000000	0.015000	-0.020600	0.000000	0.000000	0.000000	0.000000	0.000000	4	4	4	5	5	5	5	13.886966	119588	815737	119776	83106	0	0.000000	0.000000	24.525002	256.000000
39.680000	2	0.866974	-0.438961	0.212178	0.016057	-0.001227	0.001454	-0.713581	0.104151	-0.535650	-0.063412	-0.483664	-0.872954	-0.548496	-0.713869	0.435366	-0.833745	0.506419	-0.220020	0.000000	0.000000	0.000000	0.110000	0.000000	0.000000	0.000000	0	0.000000	0.000000	0.000000	0.000000	0.000000	0.000000	2.038729	1.061225	-1.701161	0.000000	0.000000	0.000000	0.000000	0.000000	0.000000	0.000000	0.000000	0.000000	0.000000	0.000000	0.000000	0.000000	0.000000	0.000000	0.000000	0.000000	0.000000	0.000000	0.000000	0.000000	0.000000	0.000000	0.000000	0.000000	0.000000	0.116475	0.000000	0.018000	-0.020600	0.000000	0.000000	0.000000	0.000000	0.000000	4	4	4	5	5	5	5	13.886966	119588	120360	119776	83106	0	0.000000	0.000000	24.525002	256.000000
40.985001	1	0.866974	-0.438961	0.212178	0.016057	-0.001227	0.001454	-0.713581	0.104151	-0.535650	-0.063412	-0.483664	-0.872954	-0.548496	-0.713869	0.435366	-0.833745	0.506419	-0.220020	0.000000	0.000000	0.000000	0.100000	0.000000	0.000000	0.000000	0	0.000000	0.000000	0.000000	0.000000	0.000000	0.000000	2.038729	1.061225	-1.701161	0.000000	0.000000	0.000000	0.000000	0.000000	0.000000	0.000000	0.000000	0.000000	0.000000	0.000000	0.000000	0.000000	0.000000	0.000000	0.000000	0.000000	0.000000	0.000000	0.000000	0.000000	0.000000	0.000000	0.000000	0.000000	0.000000	0.116475	0.000000	0.018000	-0.020600	0.000000	0.000000	0.000000	0.000000	0.000000	4	4	4	5	5	5	5	13.886966	622618	579408	613980	639904	0	0.000000	0.000000	24.525002	256.000000
41.002998	1	0.869114	-0.440417	0.210467	-0.026110	0.015323	-0.006623	-0.712105	0.103160	-0.535404	-0.059598	-0.484901	-0.872536	-0.543674	-0.717304	0.435768	-0.837178	0.500347	-0.220878	0.000000	0.000000	0.000000	0.100000	0.000000	0.000000	0.000000	0	0.000000	0.000000	0.000000	0.000000	0.000000	0.000000	2.039926	1.060369	-1.693091	0.000000	0.000000	0.000000	0.000000	0.000000	0.000000	0.000000	0.000000	0.000000	0.000000	0.000000	0.000000	0.000000	0.000000	0.000000	0.000000	0.000000	0.000000	0.000000	0.000000	0.000000	0.000000	0.000000	0.000000	0.000000	0.000000	0.116475	0.000000	0.018000	-0.020600	0.000000	0.000000	0.000000	0.000000	0.000000	4	4	4	5	5	5	5	13.937304	119590	120362	119786	83454	0	0.000000	0.000000	24.525002	256.000000
41.018002	1	0.869114	-0.440417	0.210467	-0.026110	0.015323	-0.006623	-0.712105	0.103160	-0.535404	-0.059598	-0.484901	-0.872536	-0.543674	-0.717304	0.435768	-0.837178	0.500347	-0.220878	0.000000	0.000000	0.000000	0.100000	0.000000	0.000000	0.000000	0	0.000000	0.000000	0.000000	0.000000	0.000000	0.000000	2.039926	1.060369	-1.693091	0.000000	0.000000	0.000000	0.000000	0.000000	0.000000	0.000000	0.000000	0.000000	0.000000	0.000000	0.000000	0.000000	0.000000	0.000000	0.000000	0.000000	0.000000	0.000000	0.000000	0.000000	0.000000	0.000000	0.000000	0.000000	0.000000	0.116475	0.000000	0.018000	-0.020600	0.000000	0.000000	0.000000	0.000000	0.000000	4	4	4	5	5	5	5	13.937304	119590	120362	119786	83454	0	0.000000	0.000000	24.525002	256.000000
41.035999	1	0.871115	-0.439160	0.209715	0.008470	0.007302	-0.004145	-0.712498	0.103905	-0.535593	-0.059712	-0.484864	-0.872549	-0.544078	-0.717047	0.435687	-0.836907	0.500751	-0.220987	0.000000	0.000000	0.000000	0.120000	0.000000	0.000000	0.000000	0	0.000000	0.000000	0.000000	0.000000	0.000000	0.000000	2.040200	1.060396	-1.693332	0.000000	0.000000	0.000000	0.000000	0.000000	0.000000	0.000000	0.000000	0.000000	0.000000	0.000000	0.000000	0.000000	0.000000	0.000000	0.000000	0.000000	0.000000	0.000000	0.000000	0.000000	0.000000	0.000000	0.000000	0.000000	0.000000	0.116475	0.000000	0.018000	-0.020600	0.000000	0.000000	0.000000	0.000000	0.000000	4	4	4	5	5	5	5	13.937304	119592	120362	119784	83108	0	0.000000	0.000000	24.525002	256.000000
41.051998	1	0.871115	-0.439160	0.209715	0.008470	0.007302	-0.004145	-0.712498	0.103905	-0.535593	-0.059712	-0.484864	-0.872549	-0.544078	-0.717047	0.435687	-0.836907	0.500751	-0.220987	0.000000	0.000000	0.000000	0.120000	0.000000	0.000000	0.000000	0	0.000000	0.000000	0.000000	0.000000	0.000000	0.000000	2.040200	1.060396	-1.693332	0.000000	0.000000	0.000000	0.000000	0.000000	0.000000	0.000000	0.000000	0.000000	0.000000	0.000000	0.000000	0.000000	0.000000	0.000000	0.000000	0.000000	0.000000	0.000000	0.000000	0.000000	0.000000	0.000000	0.000000	0.000000	0.000000	0.116475	0.000000	0.018000	-0.020600	0.000000	0.000000	0.000000	0.000000	0.000000	4	4	4	5	5	5	5	13.937304	119592	120364	119784	83238	0	0.000000	0.000000	24.525002	256.000000
41.067001	1	0.867133	-0.439169	0.210456	-0.030425	0.018158	-0.002891	-0.711854	0.102608	-0.534541	-0.059651	-0.484933	-0.872514	-0.543817	-0.717187	0.435783	-0.837081	0.500483	-0.220934	0.000000	0.000000	0.000000	0.120000	0.000000	0.000000	0.000000	0	0.000000	0.000000	0.000000	0.000000	0.000000	0.000000	2.040014	1.060325	-1.693190	0.000000	0.000000	0.000000	0.000000	0.000000	0.000000	0.000000	0.000000	0.000000	0.000000	0.000000	0.000000	0.000000	0.000000	0.000000	0.000000	0.000000	0.000000	0.000000	0.000000	0.000000	0.000000	0.000000	0.000000	0.000000	0.000000	0.116475	0.000000	0.018000	-0.020600	0.000000	0.000000	0.000000	0.000000	0.000000	4	4	4	5	5	5	5	13.937304	119590	120282	119786	83108	0	0.000000	0.000000	24.525002	256.000000
41.087002	1	0.867133	-0.439169	0.210456	-0.030425	0.018158	-0.002891	-0.711854	0.102608	-0.534541	-0.059651	-0.484933	-0.872514	-0.543817	-0.717187	0.435783	-0.837081	0.500483	-0.220934	0.000000	0.000000	0.000000	0.130000	0.000000	0.000000	0.000000	0	0.000000	0.000000	0.000000	0.000000	0.000000	0.000000	2.040014	1.060325	-1.693190	0.000000	0.000000	0.000000	0.000000	0.000000	0.000000	0.000000	0.000000	0.000000	0.000000	0.000000	0.000000	0.000000	0.000000	0.000000	0.000000	0.000000	0.000000	0.000000	0.000000	0.000000	0.000000	0.000000	0.000000	0.000000	0.000000	0.116475	0.000000	0.018000	-0.020600	0.000000	0.000000	0.000000	0.000000	0.000000	4	4	4	5	5	5	5	13.937304	119590	120284	119784	83110	0	0.000000	0.000000	24.525002	256.000000
41.102001	1	0.866702	-0.438232	0.206044	0.003575	0.011453	-0.003404	-0.711855	0.103366	-0.535115	-0.059703	-0.484940	-0.872507	-0.543881	-0.717129	0.435797	-0.837036	0.500558	-0.220935	0.000000	0.000000	0.000000	0.130000	0.000000	0.000000	0.000000	0	0.000000	0.000000	0.000000	0.000000	0.000000	0.000000	2.040002	1.060310	-1.693295	0.000000	0.000000	0.000000	0.000000	0.000000	0.000000	0.000000	0.000000	0.000000	0.000000	0.000000	0.000000	0.000000	0.000000	0.000000	0.000000	0.000000	0.000000	0.000000	0.000000	0.000000	0.000000	0.000000	0.000000	0.000000	0.000000	0.116475	0.000000	0.018000	-0.020600	0.000000	0.000000	0.000000	0.000000	0.000000	4	4	4	5	5	5	5	13.937304	119590	120284	119784	83110	0	0.000000	0.000000	24.525002	256.000000
41.119999	1	0.866702	-0.438232	0.206044	0.003575	0.011453	-0.003404	-0.711855	0.103366	-0.535115	-0.059703	-0.484940	-0.872507	-0.543881	-0.717129	0.435797	-0.837036	0.500558	-0.220935	0.000000	0.000000	0.000000	0.130000	0.000000	0.000000	0.000000	0	0.000000	0.000000	0.000000	0.000000	0.000000	0.000000	2.040002	1.060310	-1.693295	0.000000	0.000000	0.000000	0.000000	0.000000	0.000000	0.000000	0.000000	0.000000	0.000000	0.000000	0.000000	0.000000	0.000000	0.000000	0.000000	0.000000	0.000000	0.000000	0.000000	0.000000	0.000000	0.000000	0.000000	0.000000	0.000000	0.116475	0.000000	0.018000	-0.020600	0.000000	0.000000	0.000000	0.000000	0.000000	4	4	4	5	5	5	5	13.937304	119592	120364	119784	83254	0	0.000000	0.000000	24.525002	256.000000
41.136002	1	0.867847	-0.437398	0.209833	-0.017687	0.019797	-0.008028	-0.711695	0.104175	-0.534718	-0.059681	-0.484993	-0.872479	-0.544073	-0.716995	0.435779	-0.836913	0.500700	-0.221081	0.000000	0.000000	0.000000	0.120000	0.000000	0.000000	0.000000	0	0.000000	0.000000	0.000000	0.000000	0.000000	0.000000	2.040285	1.060253	-1.693236	0.000000	0.000000	0.000000	0.000000	0.000000	0.000000	0.000000	0.000000	0.000000	0.000000	0.000000	0.000000	0.000000	0.000000	0.000000	0.000000	0.000000	0.000000	0.000000	0.000000	0.000000	0.000000	0.000000	0.000000	0.000000	0.000000	0.116475	0.000000	0.018000	-0.020600	0.000000	0.000000	0.000000	0.000000	0.000000	4	4	4	5	5	5	5	13.937304	119594	120364	119692	83110	0	0.000000	0.000000	24.525002	256.000000
41.153000	1	0.867847	-0.437398	0.209833	-0.017687	0.019797	-0.008028	-0.711695	0.104175	-0.534718	-0.059681	-0.484993	-0.872479	-0.544073	-0.716995	0.435779	-0.836913	0.500700	-0.221081	0.000000	0.000000	0.000000	0.120000	0.000000	0.000000	0.000000	0	0.000000	0.000000	0.000000	0.000000	0.000000	0.000000	2.040285	1.060253	-1.693236	0.000000	0.000000	0.000000	0.000000	0.000000	0.000000	0.000000	0.000000	0.000000	0.000000	0.000000	0.000000	0.000000	0.000000	0.000000	0.000000	0.000000	0.000000	0.000000	0.000000	0.000000	0.000000	0.000000	0.000000	0.000000	0.000000	0.116475	0.000000	0.018000	-0.020600	0.000000	0.000000	0.000000	0.000000	0.000000	4	4	4	5	5	5	5	13.937304	119590	120364	119786	83108	0	0.000000	0.000000	24.525002	256.000000
41.168999	1	0.867610	-0.436517	0.209593	-0.035917	0.017061	-0.008206	-0.711152	0.103449	-0.534978	-0.059716	-0.484898	-0.872530	-0.543835	-0.717174	0.435780	-0.837065	0.500535	-0.220878	0.000000	0.000000	0.000000	0.120000	0.000000	0.000000	0.000000	0	0.000000	0.000000	0.000000	0.000000	0.000000	0.000000	2.039914	1.060357	-1.693330	0.000000	0.000000	0.000000	0.000000	0.000000	0.000000	0.000000	0.000000	0.000000	0.000000	0.000000	0.000000	0.000000	0.000000	0.000000	0.000000	0.000000	0.000000	0.000000	0.000000	0.000000	0.000000	0.000000	0.000000	0.000000	0.000000	0.116475	0.000000	0.018000	-0.020600	0.000000	0.000000	0.000000	0.000000	0.000000	4	4	4	5	5	5	5	13.937304	119590	120364	119786	83108	0	0.000000	0.000000	24.525002	256.000000
41.187000	1	0.867610	-0.436517	0.209593	-0.035917	0.017061	-0.008206	-0.711152	0.103449	-0.534978	-0.059716	-0.484898	-0.872530	-0.543835	-0.717174	0.435780	-0.837065	0.500535	-0.220878	0.000000	0.000000	0.000000	0.120000	0.000000	0.000000	0.000000	0	0.000000	0.000000	0.000000	0.000000	0.000000	0.000000	2.039914	1.060357	-1.693330	0.000000	0.000000	0.000000	0.000000	0.000000	0.000000	0.000000	0.000000	0.000000	0.000000	0.000000	0.000000	0.000000	0.000000	0.000000	0.000000	0.000000	0.000000	0.000000	0.000000	0.000000	0.000000	0.000000	0.000000	0.000000	0.000000	0.116475	0.000000	0.018000	-0.020600	0.000000	0.000000	0.000000	0.000000	0.000000	4	4	4	5	5	5	5	13.937304	119590	120362	119784	83108	0	0.000000	0.000000	24.525002	256.000000
41.202000	1	0.871388	-0.441612	0.208979	0.006073	0.008635	-0.002766	-0.711310	0.103388	-0.535228	-0.059753	-0.485016	-0.872461	-0.543859	-0.717090	0.435890	-0.837047	0.500541	-0.220932	0.000000	0.000000	0.000000	0.120000	0.000000	0.000000	0.000000	0	0.000000	0.000000	0.000000	0.000000	0.000000	0.000000	2.039911	1.060217	-1.693377	0.000000	0.000000	0.000000	0.000000	0.000000	0.000000	0.000000	0.000000	0.000000	0.000000	0.000000	0.000000	0.000000	0.000000	0.000000	0.000000	0.000000	0.000000	0.000000	0.000000	0.000000	0.000000	0.000000	0.000000	0.000000	0.000000	0.116475	0.000000	0.018000	-0.020600	0.000000	0.000000	0.000000	0.000000	0.000000	4	4	4	5	5	5	5	13.937304	119590	120364	119786	83452	0	0.000000	0.000000	24.525002	256.000000
41.217999	1	0.871388	-0.441612	0.208979	0.006073	0.008635	-0.002766	-0.711310	0.103388	-0.535228	-0.059753	-0.485016	-0.872461	-0.543859	-0.717090	0.435890	-0.837047	0.500541	-0.220932	0.000000	0.000000	0.000000	0.120000	0.000000	0.000000	0.000000	0	0.000000	0.000000	0.000000	0.000000	0.000000	0.000000	2.039911	1.060217	-1.693377	0.000000	0.000000	0.000000	0.000000	0.000000	0.000000	0.000000	0.000000	0.000000	0.000000	0.000000	0.000000	0.000000	0.000000	0.000000	0.000000	0.000000	0.000000	0.000000	0.000000	0.000000	0.000000	0.000000	0.000000	0.000000	0.000000	0.116475	0.000000	0.018000	-0.020600	0.000000	0.000000	0.000000	0.000000	0.000000	4	4	4	5	5	5	5	13.937304	119590	120282	119786	83108	0	0.000000	0.000000	24.525002	256.000000
41.236000	1	0.872724	-0.438667	0.210945	-0.015908	0.015009	-0.010217	-0.712180	0.102724	-0.535374	-0.059731	-0.484952	-0.872498	-0.544130	-0.716966	0.435755	-0.836872	0.500781	-0.221051	0.000000	0.000000	0.000000	0.110000	0.000000	0.000000	0.000000	0	0.000000	0.000000	0.000000	0.000000	0.000000	0.000000	2.040254	1.060293	-1.693349	0.000000	0.000000	0.000000	0.000000	0.000000	0.000000	0.000000	0.000000	0.000000	0.000000	0.000000	0.000000	0.000000	0.000000	0.000000	0.000000	0.000000	0.000000	0.000000	0.000000	0.000000	0.000000	0.000000	0.000000	0.000000	0.000000	0.116475	0.000000	0.018000	-0.020600	0.000000	0.000000	0.000000	0.000000	0.000000	4	4	4	5	5	5	5	13.937304	119590	120282	119786	83108	0	0.000000	0.000000	24.525002	256.000000
41.250999	1	0.872724	-0.438667	0.210945	-0.015908	0.015009	-0.010217	-0.712180	0.102724	-0.535374	-0.059731	-0.484952	-0.872498	-0.544130	-0.716966	0.435755	-0.836872	0.500781	-0.221051	0.000000	0.000000	0.000000	0.110000	0.000000	0.000000	0.000000	0	0.000000	0.000000	0.000000	0.000000	0.000000	0.000000	2.040254	1.060293	-1.693349	0.000000	0.000000	0.000000	0.000000	0.000000	0.000000	0.000000	0.000000	0.000000	0.000000	0.000000	0.000000	0.000000	0.000000	0.000000	0.000000	0.000000	0.000000	0.000000	0.000000	0.000000	0.000000	0.000000	0.000000	0.000000	0.000000	0.116475	0.000000	0.018000	-0.020600	0.000000	0.000000	0.000000	0.000000	0.000000	4	4	4	5	5	5	5	13.937304	119592	120284	119784	83104	0	0.000000	0.000000	24.525002	256.000000
41.269001	1	0.871614	-0.438800	0.210867	-0.028035	0.015635	-0.007927	-0.711578	0.102868	-0.534716	-0.059694	-0.484933	-0.872512	-0.543915	-0.717115	0.435777	-0.837014	0.500586	-0.220955	0.000000	0.000000	0.000000	0.110000	0.000000	0.000000	0.000000	0	0.000000	0.000000	0.000000	0.000000	0.000000	0.000000	2.040056	1.060320	-1.693278	0.000000	0.000000	0.000000	0.000000	0.000000	0.000000	0.000000	0.000000	0.000000	0.000000	0.000000	0.000000	0.000000	0.000000	0.000000	0.000000	0.000000	0.000000	0.000000	0.000000	0.000000	0.000000	0.000000	0.000000	0.000000	0.000000	0.116475	0.000000	0.018000	-0.020600	0.000000	0.000000	0.000000	0.000000	0.000000	4	4	4	5	5	5	5	13.937304	119590	120364	119784	83108	0	0.000000	0.000000	24.525002	256.000000
41.285000	1	0.871614	-0.438800	0.210867	-0.028035	0.015635	-0.007927	-0.711578	0.102868	-0.534716	-0.059694	-0.484933	-0.872512	-0.543915	-0.717115	0.435777	-0.837014	0.500586	-0.220955	0.000000	0.000000	0.000000	0.120000	0.000000	0.000000	0.000000	0	0.000000	0.000000	0.000000	0.000000	0.000000	0.000000	2.040056	1.060320	-1.693278	0.000000	0.000000	0.000000	0.000000	0.000000	0.000000	0.000000	0.000000	0.000000	0.000000	0.000000	0.000000	0.000000	0.000000	0.000000	0.000000	0.000000	0.000000	0.000000	0.000000	0.000000	0.000000	0.000000	0.000000	0.000000	0.000000	0.116475	0.000000	0.018000	-0.020600	0.000000	0.000000	0.000000	0.000000	0.000000	4	4	4	5	5	5	5	13.937304	119590	120282	119696	83108	0	0.000000	0.000000	24.525002	256.000000
41.301998	1	0.870581	-0.438707	0.210891	0.005552	0.006607	-0.001825	-0.711394	0.102815	-0.534900	-0.059734	-0.484969	-0.872489	-0.544023	-0.717021	0.435798	-0.836941	0.500686	-0.221004	0.000000	0.000000	0.000000	0.120000	0.000000	0.000000	0.000000	0	0.000000	0.000000	0.000000	0.000000	0.000000	0.000000	2.040127	1.060273	-1.693350	0.000000	0.000000	0.000000	0.000000	0.000000	0.000000	0.000000	0.000000	0.000000	0.000000	0.000000	0.000000	0.000000	0.000000	0.000000	0.000000	0.000000	0.000000	0.000000	0.000000	0.000000	0.000000	0.000000	0.000000	0.000000	0.000000	0.116475	0.000000	0.018000	-0.020600	0.000000	0.000000	0.000000	0.000000	0.000000	4	4	4	5	5	5	5	13.937304	119590	120282	119696	83108	0	0.000000	0.000000	24.525002	256.000000
41.318001	1	0.870581	-0.438707	0.210891	0.005552	0.006607	-0.001825	-0.711394	0.102815	-0.534900	-0.059734	-0.484969	-0.872489	-0.544023	-0.717021	0.435798	-0.836941	0.500686	-0.221004	0.000000	0.000000	0.000000	0.120000	0.000000	0.000000	0.000000	0	0.000000	0.000000	0.000000	0.000000	0.000000	0.000000	2.040127	1.060273	-1.693350	0.000000	0.000000	0.000000	0.000000	0.000000	0.000000	0.000000	0.000000	0.000000	0.000000	0.000000	0.000000	0.000000	0.000000	0.000000	0.000000	0.000000	0.000000	0.000000	0.000000	0.000000	0.000000	0.000000	0.000000	0.000000	0.000000	0.116475	0.000000	0.018000	-0.020600	0.000000	0.000000	0.000000	0.000000	0.000000	4	4	4	5	5	5	5	13.937304	119592	120362	119784	83108	0	0.000000	0.000000	24.525002	256.000000
41.335999	1	0.867439	-0.437535	0.210270	-0.014544	0.015278	-0.006843	-0.712100	0.104139	-0.534972	-0.059687	-0.484973	-0.872490	-0.544196	-0.716929	0.435733	-0.836833	0.500813	-0.221128	0.000000	0.000000	0.000000	0.110000	0.000000	0.000000	0.000000	0	0.000000	0.000000	0.000000	0.000000	0.000000	0.000000	2.040415	1.060275	-1.693254	0.000000	0.000000	0.000000	0.000000	0.000000	0.000000	0.000000	0.000000	0.000000	0.000000	0.000000	0.000000	0.000000	0.000000	0.000000	0.000000	0.000000	0.000000	0.000000	0.000000	0.000000	0.000000	0.000000	0.000000	0.000000	0.000000	0.116475	0.000000	0.018000	-0.020600	0.000000	0.000000	0.000000	0.000000	0.000000	4	4	4	5	5	5	5	13.937304	119590	120364	119784	83260	0	0.000000	0.000000	24.525002	256.000000
41.351002	1	0.867439	-0.437535	0.210270	-0.014544	0.015278	-0.006843	-0.712100	0.104139	-0.534972	-0.059687	-0.484973	-0.872490	-0.544196	-0.716929	0.435733	-0.836833	0.500813	-0.221128	0.000000	0.000000	0.000000	0.110000	0.000000	0.000000	0.000000	0	0.000000	0.000000	0.000000	0.000000	0.000000	0.000000	2.040415	1.060275	-1.693254	0.000000	0.000000	0.000000	0.000000	0.000000	0.000000	0.000000	0.000000	0.000000	0.000000	0.000000	0.000000	0.000000	0.000000	0.000000	0.000000	0.000000	0.000000	0.000000	0.000000	0.000000	0.000000	0.000000	0.000000	0.000000	0.000000	0.116475	0.000000	0.018000	-0.020600	0.000000	0.000000	0.000000	0.000000	0.000000	4	4	4	5	5	5	5	13.937304	119592	120284	119784	83110	0	0.000000	0.000000	24.525002	256.000000
41.367001	1	0.871628	-0.440374	0.213623	-0.017341	0.005673	-0.008166	-0.712044	0.103104	-0.535032	-0.059778	-0.484880	-0.872535	-0.544061	-0.717029	0.435737	-0.836914	0.500759	-0.220942	0.000000	0.000000	0.000000	0.110000	0.000000	0.000000	0.000000	0	0.000000	0.000000	0.000000	0.000000	0.000000	0.000000	2.040071	1.060368	-1.693461	0.000000	0.000000	0.000000	0.000000	0.000000	0.000000	0.000000	0.000000	0.000000	0.000000	0.000000	0.000000	0.000000	0.000000	0.000000	0.000000	0.000000	0.000000	0.000000	0.000000	0.000000	0.000000	0.000000	0.000000	0.000000	0.000000	0.116475	0.000000	0.018000	-0.020600	0.000000	0.000000	0.000000	0.000000	0.000000	4	4	4	5	5	5	5	13.937304	119592	120284	119784	83110	0	0.000000	0.000000	24.525002	256.000000
41.384998	1	0.871628	-0.440374	0.213623	-0.017341	0.005673	-0.008166	-0.712044	0.103104	-0.535032	-0.059778	-0.484880	-0.872535	-0.544061	-0.717029	0.435737	-0.836914	0.500759	-0.220942	0.000000	0.000000	0.000000	0.110000	0.000000	0.000000	0.000000	0	0.000000	0.000000	0.000000	0.000000	0.000000	0.000000	2.040071	1.060368	-1.693461	0.000000	0.000000	0.000000	0.000000	0.000000	0.000000	0.000000	0.000000	0.000000	0.000000	0.000000	0.000000	0.000000	0.000000	0.000000	0.000000	0.000000	0.000000	0.000000	0.000000	0.000000	0.000000	0.000000	0.000000	0.000000	0.000000	0.116475	0.000000	0.018000	-0.020600	0.000000	0.000000	0.000000	0.000000	0.000000	4	4	4	5	5	5	5	13.937304	119590	120284	119784	83108	0	0.000000	0.000000	24.525002	256.000000
41.401001	1	0.875178	-0.441233	0.212644	0.007882	-0.000453	0.001024	-0.711623	0.103750	-0.534841	-0.059838	-0.484920	-0.872509	-0.544083	-0.716978	0.435794	-0.836895	0.500794	-0.220934	0.000000	0.000000	0.000000	0.110000	0.000000	0.000000	0.000000	0	0.000000	0.000000	0.000000	0.000000	0.000000	0.000000	2.040004	1.060314	-1.693573	0.000000	0.000000	0.000000	0.000000	0.000000	0.000000	0.000000	0.000000	0.000000	0.000000	0.000000	0.000000	0.000000	0.000000	0.000000	0.000000	0.000000	0.000000	0.000000	0.000000	0.000000	0.000000	0.000000	0.000000	0.000000	0.000000	0.116475	0.000000	0.018000	-0.020600	0.000000	0.000000	0.000000	0.000000	0.000000	4	4	4	5	5	5	5	13.937304	119592	120362	119786	83466	0	0.000000	0.000000	24.525002	256.000000
41.417999	1	0.875178	-0.441233	0.212644	0.007882	-0.000453	0.001024	-0.711623	0.103750	-0.534841	-0.059838	-0.484920	-0.872509	-0.544083	-0.716978	0.435794	-0.836895	0.500794	-0.220934	0.000000	0.000000	0.000000	0.110000	0.000000	0.000000	0.000000	0	0.000000	0.000000	0.000000	0.000000	0.000000	0.000000	2.040004	1.060314	-1.693573	0.000000	0.000000	0.000000	0.000000	0.000000	0.000000	0.000000	0.000000	0.000000	0.000000	0.000000	0.000000	0.000000	0.000000	0.000000	0.000000	0.000000	0.000000	0.000000	0.000000	0.000000	0.000000	0.000000	0.000000	0.000000	0.000000	0.116475	0.000000	0.018000	-0.020600	0.000000	0.000000	0.000000	0.000000	0.000000	4	4	4	5	5	5	5	13.937304	119592	120364	119784	83240	0	0.000000	0.000000	24.525002	256.000000
41.433998	1	0.871811	-0.438502	0.212274	-0.011106	0.016792	-0.004546	-0.711787	0.103452	-0.534925	-0.059734	-0.484915	-0.872519	-0.544216	-0.716932	0.435703	-0.836816	0.500865	-0.221073	0.000000	0.000000	0.000000	0.100000	0.000000	0.000000	0.000000	0	0.000000	0.000000	0.000000	0.000000	0.000000	0.000000	2.040341	1.060335	-1.693364	0.000000	0.000000	0.000000	0.000000	0.000000	0.000000	0.000000	0.000000	0.000000	0.000000	0.000000	0.000000	0.000000	0.000000	0.000000	0.000000	0.000000	0.000000	0.000000	0.000000	0.000000	0.000000	0.000000	0.000000	0.000000	0.000000	0.116475	0.000000	0.018000	-0.020600	0.000000	0.000000	0.000000	0.000000	0.000000	4	4	4	5	5	5	5	13.937304	119592	120364	119784	83108	0	0.000000	0.000000	24.525002	256.000000
41.451000	1	0.871811	-0.438502	0.212274	-0.011106	0.016792	-0.004546	-0.711787	0.103452	-0.534925	-0.059734	-0.484915	-0.872519	-0.544216	-0.716932	0.435703	-0.836816	0.500865	-0.221073	0.000000	0.000000	0.000000	0.100000	0.000000	0.000000	0.000000	0	0.000000	0.000000	0.000000	0.000000	0.000000	0.000000	2.040341	1.060335	-1.693364	0.000000	0.000000	0.000000	0.000000	0.000000	0.000000	0.000000	0.000000	0.000000	0.000000	0.000000	0.000000	0.000000	0.000000	0.000000	0.000000	0.000000	0.000000	0.000000	0.000000	0.000000	0.000000	0.000000	0.000000	0.000000	0.000000	0.116475	0.000000	0.018000	-0.020600	0.000000	0.000000	0.000000	0.000000	0.000000	4	4	4	5	5	5	5	13.937304	119590	120284	119696	83108	0	0.000000	0.000000	24.525002	256.000000
41.466999	1	0.873088	-0.441555	0.213440	-0.017417	0.010418	-0.001211	-0.711874	0.103089	-0.534926	-0.059886	-0.484947	-0.872491	-0.544088	-0.716948	0.435838	-0.836889	0.500812	-0.220918	0.000000	0.000000	0.000000	0.100000	0.000000	0.000000	0.000000	0	0.000000	0.000000	0.000000	0.000000	0.000000	0.000000	2.039934	1.060277	-1.693664	0.000000	0.000000	0.000000	0.000000	0.000000	0.000000	0.000000	0.000000	0.000000	0.000000	0.000000	0.000000	0.000000	0.000000	0.000000	0.000000	0.000000	0.000000	0.000000	0.000000	0.000000	0.000000	0.000000	0.000000	0.000000	0.000000	0.116475	0.000000	0.018000	-0.020600	0.000000	0.000000	0.000000	0.000000	0.000000	4	4	4	5	5	5	5	13.937304	119592	120362	119786	83108	0	0.000000	0.000000	24.525002	256.000000
41.485001	1	0.873088	-0.441555	0.213440	-0.017417	0.010418	-0.001211	-0.711874	0.103089	-0.534926	-0.059886	-0.484947	-0.872491	-0.544088	-0.716948	0.435838	-0.836889	0.500812	-0.220918	0.000000	0.000000	0.000000	0.130000	0.000000	0.000000	0.000000	0	0.000000	0.000000	0.000000	0.000000	0.000000	0.000000	2.039934	1.060277	-1.693664	0.000000	0.000000	0.000000	0.000000	0.000000	0.000000	0.000000	0.000000	0.000000	0.000000	0.000000	0.000000	0.000000	0.000000	0.000000	0.000000	0.000000	0.000000	0.000000	0.000000	0.000000	0.000000	0.000000	0.000000	0.000000	0.000000	0.116475	0.000000	0.018000	-0.020600	0.000000	0.000000	0.000000	0.000000	0.000000	4	4	4	5	5	5	5	13.937304	119592	120364	119784	83110	0	0.000000	0.000000	24.525002	256.000000
41.500999	1	0.873022	-0.438950	0.212513	0.017569	-0.001825	0.003079	-0.711000	0.103602	-0.534381	-0.060008	-0.484972	-0.872469	-0.544112	-0.716884	0.435912	-0.836864	0.500879	-0.220860	0.000000	0.000000	0.000000	0.130000	0.000000	0.000000	0.000000	0	0.000000	0.000000	0.000000	0.000000	0.000000	0.000000	2.039759	1.060232	-1.693906	0.000000	0.000000	0.000000	0.000000	0.000000	0.000000	0.000000	0.000000	0.000000	0.000000	0.000000	0.000000	0.000000	0.000000	0.000000	0.000000	0.000000	0.000000	0.000000	0.000000	0.000000	0.000000	0.000000	0.000000	0.000000	0.000000	0.116475	0.000000	0.018000	-0.020600	0.000000	0.000000	0.000000	0.000000	0.000000	4	4	4	5	5	5	5	13.937304	119592	120364	119784	83374	0	0.000000	0.000000	24.525002	256.000000
41.515999	1	0.873022	-0.438950	0.212513	0.017569	-0.001825	0.003079	-0.711000	0.103602	-0.534381	-0.060008	-0.484972	-0.872469	-0.544112	-0.716884	0.435912	-0.836864	0.500879	-0.220860	0.000000	0.000000	0.000000	0.130000	0.000000	0.000000	0.000000	0	0.000000	0.000000	0.000000	0.000000	0.000000	0.000000	2.039759	1.060232	-1.693906	0.000000	0.000000	0.000000	0.000000	0.000000	0.000000	0.000000	0.000000	0.000000	0.000000	0.000000	0.000000	0.000000	0.000000	0.000000	0.000000	0.000000	0.000000	0.000000	0.000000	0.000000	0.000000	0.000000	0.000000	0.000000	0.000000	0.116475	0.000000	0.018000	-0.020600	0.000000	0.000000	0.000000	0.000000	0.000000	4	4	4	5	5	5	5	13.937304	119592	120364	119784	83374	0	0.000000	0.000000	24.525002	256.000000
41.534000	1	0.874505	-0.438527	0.212578	-0.008659	0.007487	-0.006530	-0.712254	0.104285	-0.534511	-0.059881	-0.484947	-0.872491	-0.544338	-0.716799	0.435770	-0.836726	0.501024	-0.221052	0.000000	0.000000	0.000000	0.120000	0.000000	0.000000	0.000000	0	0.000000	0.000000	0.000000	0.000000	0.000000	0.000000	2.040241	1.060277	-1.693655	0.000000	0.000000	0.000000	0.000000	0.000000	0.000000	0.000000	0.000000	0.000000	0.000000	0.000000	0.000000	0.000000	0.000000	0.000000	0.000000	0.000000	0.000000	0.000000	0.000000	0.000000	0.000000	0.000000	0.000000	0.000000	0.000000	0.116475	0.000000	0.018000	-0.020600	0.000000	0.000000	0.000000	0.000000	0.000000	4	4	4	5	5	5	5	13.937304	119592	120284	119784	83110	0	0.000000	0.000000	24.525002	256.000000
41.549999	1	0.874505	-0.438527	0.212578	-0.008659	0.007487	-0.006530	-0.712254	0.104285	-0.534511	-0.059881	-0.484947	-0.872491	-0.544338	-0.716799	0.435770	-0.836726	0.501024	-0.221052	0.000000	0.000000	0.000000	0.120000	0.000000	0.000000	0.000000	0	0.000000	0.000000	0.000000	0.000000	0.000000	0.000000	2.040241	1.060277	-1.693655	0.000000	0.000000	0.000000	0.000000	0.000000	0.000000	0.000000	0.000000	0.000000	0.000000	0.000000	0.000000	0.000000	0.000000	0.000000	0.000000	0.000000	0.000000	0.000000	0.000000	0.000000	0.000000	0.000000	0.000000	0.000000	0.000000	0.116475	0.000000	0.018000	-0.020600	0.000000	0.000000	0.000000	0.000000	0.000000	4	4	4	5	5	5	5	13.937304	119592	120284	119786	83108	0	0.000000	0.000000	24.525002	256.000000
41.567001	1	0.871648	-0.440368	0.214979	-0.002789	0.001993	-0.002104	-0.711628	0.103456	-0.534765	-0.059917	-0.484934	-0.872496	-0.544244	-0.716851	0.435802	-0.836784	0.500963	-0.220971	0.000000	0.000000	0.000000	0.120000	0.000000	0.000000	0.000000	0	0.000000	0.000000	0.000000	0.000000	0.000000	0.000000	2.040063	1.060287	-1.693731	0.000000	0.000000	0.000000	0.000000	0.000000	0.000000	0.000000	0.000000	0.000000	0.000000	0.000000	0.000000	0.000000	0.000000	0.000000	0.000000	0.000000	0.000000	0.000000	0.000000	0.000000	0.000000	0.000000	0.000000	0.000000	0.000000	0.116475	0.000000	0.018000	-0.020600	0.000000	0.000000	0.000000	0.000000	0.000000	4	4	4	5	5	5	5	13.937304	119590	120362	119786	83108	0	0.000000	0.000000	24.525002	256.000000
41.583000	1	0.871648	-0.440368	0.214979	-0.002789	0.001993	-0.002104	-0.711628	0.103456	-0.534765	-0.059917	-0.484934	-0.872496	-0.544244	-0.716851	0.435802	-0.836784	0.500963	-0.220971	0.000000	0.000000	0.000000	0.110000	0.000000	0.000000	0.000000	0	0.000000	0.000000	0.000000	0.000000	0.000000	0.000000	2.040063	1.060287	-1.693731	0.000000	0.000000	0.000000	0.000000	0.000000	0.000000	0.000000	0.000000	0.000000	0.000000	0.000000	0.000000	0.000000	0.000000	0.000000	0.000000	0.000000	0.000000	0.000000	0.000000	0.000000	0.000000	0.000000	0.000000	0.000000	0.000000	0.116475	0.000000	0.018000	-0.020600	0.000000	0.000000	0.000000	0.000000	0.000000	4	4	4	5	5	5	5	13.937304	119590	120362	119786	83108	0	0.000000	0.000000	24.525002	256.000000
41.601002	1	0.874060	-0.440795	0.212803	0.006647	0.001996	0.001467	-0.711367	0.103206	-0.535395	-0.059846	-0.484979	-0.872476	-0.544247	-0.716848	0.435803	-0.836788	0.500923	-0.221048	0.000000	0.000000	0.000000	0.110000	0.000000	0.000000	0.000000	0	0.000000	0.000000	0.000000	0.000000	0.000000	0.000000	2.040202	1.060246	-1.693576	0.000000	0.000000	0.000000	0.000000	0.000000	0.000000	0.000000	0.000000	0.000000	0.000000	0.000000	0.000000	0.000000	0.000000	0.000000	0.000000	0.000000	0.000000	0.000000	0.000000	0.000000	0.000000	0.000000	0.000000	0.000000	0.000000	0.116475	0.000000	0.018000	-0.020600	0.000000	0.000000	0.000000	0.000000	0.000000	4	4	4	5	5	5	5	13.937304	119590	120282	119694	83108	0	0.000000	0.000000	24.525002	256.000000
41.616001	1	0.874060	-0.440795	0.212803	0.006647	0.001996	0.001467	-0.711367	0.103206	-0.535395	-0.059846	-0.484979	-0.872476	-0.544247	-0.716848	0.435803	-0.836788	0.500923	-0.221048	0.000000	0.000000	0.000000	0.110000	0.000000	0.000000	0.000000	0	0.000000	0.000000	0.000000	0.000000	0.000000	0.000000	2.040202	1.060246	-1.693576	0.000000	0.000000	0.000000	0.000000	0.000000	0.000000	0.000000	0.000000	0.000000	0.000000	0.000000	0.000000	0.000000	0.000000	0.000000	0.000000	0.000000	0.000000	0.000000	0.000000	0.000000	0.000000	0.000000	0.000000	0.000000	0.000000	0.116475	0.000000	0.018000	-0.020600	0.000000	0.000000	0.000000	0.000000	0.000000	4	4	4	5	5	5	5	13.937304	119590	120364	119784	83110	0	0.000000	0.000000	24.525002	256.000000
41.633999	1	0.876526	-0.436996	0.213323	-0.013622	0.006589	0.004428	-0.712389	0.103435	-0.534176	-0.059957	-0.485115	-0.872393	-0.544218	-0.716765	0.435977	-0.836799	0.500911	-0.221033	0.000000	0.000000	0.000000	0.120000	0.000000	0.000000	0.000000	0	0.000000	0.000000	0.000000	0.000000	0.000000	0.000000	2.040015	1.060076	-1.693766	0.000000	0.000000	0.000000	0.000000	0.000000	0.000000	0.000000	0.000000	0.000000	0.000000	0.000000	0.000000	0.000000	0.000000	0.000000	0.000000	0.000000	0.000000	0.000000	0.000000	0.000000	0.000000	0.000000	0.000000	0.000000	0.000000	0.116475	0.000000	0.018000	-0.020600	0.000000	0.000000	0.000000	0.000000	0.000000	4	4	4	5	5	5	5	13.937304	119590	120364	119784	83416	0	0.000000	0.000000	24.525002	256.000000
41.650002	1	0.876526	-0.436996	0.213323	-0.013622	0.006589	0.004428	-0.712389	0.103435	-0.534176	-0.059957	-0.485115	-0.872393	-0.544218	-0.716765	0.435977	-0.836799	0.500911	-0.221033	0.000000	0.000000	0.000000	0.120000	0.000000	0.000000	0.000000	0	0.000000	0.000000	0.000000	0.000000	0.000000	0.000000	2.040015	1.060076	-1.693766	0.000000	0.000000	0.000000	0.000000	0.000000	0.000000	0.000000	0.000000	0.000000	0.000000	0.000000	0.000000	0.000000	0.000000	0.000000	0.000000	0.000000	0.000000	0.000000	0.000000	0.000000	0.000000	0.000000	0.000000	0.000000	0.000000	0.116475	0.000000	0.018000	-0.020600	0.000000	0.000000	0.000000	0.000000	0.000000	4	4	4	5	5	5	5	13.937304	119590	120364	119784	83416	0	0.000000	0.000000	24.525002	256.000000
41.665001	1	0.874595	-0.441379	0.212027	-0.004108	0.000563	0.001905	-0.711997	0.104301	-0.534098	-0.060033	-0.485072	-0.872411	-0.543983	-0.716904	0.436041	-0.836946	0.500753	-0.220833	0.000000	0.000000	0.000000	0.120000	0.000000	0.000000	0.000000	0	0.000000	0.000000	0.000000	0.000000	0.000000	0.000000	2.039591	1.060114	-1.693931	0.000000	0.000000	0.000000	0.000000	0.000000	0.000000	0.000000	0.000000	0.000000	0.000000	0.000000	0.000000	0.000000	0.000000	0.000000	0.000000	0.000000	0.000000	0.000000	0.000000	0.000000	0.000000	0.000000	0.000000	0.000000	0.000000	0.116475	0.000000	0.018000	-0.020600	0.000000	0.000000	0.000000	0.000000	0.000000	4	4	4	5	5	5	5	13.937304	119590	120364	119786	83110	0	0.000000	0.000000	24.525002	256.000000
41.682999	1	0.874595	-0.441379	0.212027	-0.004108	0.000563	0.001905	-0.711997	0.104301	-0.534098	-0.060033	-0.485072	-0.872411	-0.543983	-0.716904	0.436041	-0.836946	0.500753	-0.220833	0.000000	0.000000	0.000000	0.110000	0.000000	0.000000	0.000000	0	0.000000	0.000000	0.000000	0.000000	0.000000	0.000000	2.039591	1.060114	-1.693931	0.000000	0.000000	0.000000	0.000000	0.000000	0.000000	0.000000	0.000000	0.000000	0.000000	0.000000	0.000000	0.000000	0.000000	0.000000	0.000000	0.000000	0.000000	0.000000	0.000000	0.000000	0.000000	0.000000	0.000000	0.000000	0.000000	0.116475	0.000000	0.018000	-0.020600	0.000000	0.000000	0.000000	0.000000	0.000000	4	4	4	5	5	5	5	13.937304	119590	120284	119786	83108	0	0.000000	0.000000	24.525002	256.000000
41.699001	1	0.872117	-0.439500	0.211829	0.063864	-0.006028	0.005032	-0.711770	0.103052	-0.535229	-0.060072	-0.485177	-0.872350	-0.544710	-0.716404	0.435954	-0.836470	0.501366	-0.221246	0.000000	0.000000	0.000000	0.110000	0.000000	0.000000	0.000000	0	0.000000	0.000000	0.000000	0.000000	0.000000	0.000000	2.040424	1.059988	-1.693983	0.000000	0.000000	0.000000	0.000000	0.000000	0.000000	0.000000	0.000000	0.000000	0.000000	0.000000	0.000000	0.000000	0.000000	0.000000	0.000000	0.000000	0.000000	0.000000	0.000000	0.000000	0.000000	0.000000	0.000000	0.000000	0.000000	0.116475	0.000000	0.018000	-0.020600	0.000000	0.000000	0.000000	0.000000	0.000000	4	4	4	5	5	5	5	13.937304	119590	120362	119786	83108	0	0.000000	0.000000	24.525002	256.000000
41.716000	1	0.872117	-0.439500	0.211829	0.063864	-0.006028	0.005032	-0.711770	0.103052	-0.535229	-0.060072	-0.485177	-0.872350	-0.544710	-0.716404	0.435954	-0.836470	0.501366	-0.221246	0.000000	0.000000	0.000000	0.110000	0.000000	0.000000	0.000000	0	0.000000	0.000000	0.000000	0.000000	0.000000	0.000000	2.040424	1.059988	-1.693983	0.000000	0.000000	0.000000	0.000000	0.000000	0.000000	0.000000	0.000000	0.000000	0.000000	0.000000	0.000000	0.000000	0.000000	0.000000	0.000000	0.000000	0.000000	0.000000	0.000000	0.000000	0.000000	0.000000	0.000000	0.000000	0.000000	0.116475	0.000000	0.018000	-0.020600	0.000000	0.000000	0.000000	0.000000	0.000000	4	4	4	5	5	5	5	13.937304	119590	120362	119786	83108	0	0.000000	0.000000	24.525002	256.000000
41.731998	1	0.871373	-0.438037	0.210946	-0.059911	0.010397	-0.006737	-0.711279	0.103584	-0.534310	-0.059959	-0.485188	-0.872352	-0.544286	-0.716687	0.436019	-0.836754	0.500952	-0.221109	0.000000	0.000000	0.000000	0.110000	0.000000	0.000000	0.000000	0	0.000000	0.000000	0.000000	0.000000	0.000000	0.000000	2.040114	1.059993	-1.693752	0.000000	0.000000	0.000000	0.000000	0.000000	0.000000	0.000000	0.000000	0.000000	0.000000	0.000000	0.000000	0.000000	0.000000	0.000000	0.000000	0.000000	0.000000	0.000000	0.000000	0.000000	0.000000	0.000000	0.000000	0.000000	0.000000	0.116475	0.000000	0.018000	-0.020600	0.000000	0.000000	0.000000	0.000000	0.000000	4	4	4	5	5	5	5	13.937304	119592	120282	119782	83108	0	0.000000	0.000000	24.525002	256.000000
41.750000	1	0.871373	-0.438037	0.210946	-0.059911	0.010397	-0.006737	-0.711279	0.103584	-0.534310	-0.059959	-0.485188	-0.872352	-0.544286	-0.716687	0.436019	-0.836754	0.500952	-0.221109	0.000000	0.000000	0.000000	0.110000	0.000000	0.000000	0.000000	0	0.000000	0.000000	0.000000	0.000000	0.000000	0.000000	2.040114	1.059993	-1.693752	0.000000	0.000000	0.000000	0.000000	0.000000	0.000000	0.000000	0.000000	0.000000	0.000000	0.000000	0.000000	0.000000	0.000000	0.000000	0.000000	0.000000	0.000000	0.000000	0.000000	0.000000	0.000000	0.000000	0.000000	0.000000	0.000000	0.116475	0.000000	0.018000	-0.020600	0.000000	0.000000	0.000000	0.000000	0.000000	4	4	4	5	5	5	5	13.937304	119592	120362	119782	83108	0	0.000000	0.000000	24.525002	256.000000
41.764999	1	0.875334	-0.437133	0.208572	-0.025253	-0.004205	0.001144	-0.711305	0.103444	-0.534744	-0.060085	-0.485062	-0.872413	-0.543223	-0.717347	0.436259	-0.837436	0.500128	-0.220395	0.000000	0.000000	0.000000	0.110000	0.000000	0.000000	0.000000	0	0.000000	0.000000	0.000000	0.000000	0.000000	0.000000	2.038590	1.060117	-1.694039	0.000000	0.000000	0.000000	0.000000	0.000000	0.000000	0.000000	0.000000	0.000000	0.000000	0.000000	0.000000	0.000000	0.000000	0.000000	0.000000	0.000000	0.000000	0.000000	0.000000	0.000000	0.000000	0.000000	0.000000	0.000000	0.000000	0.116475	0.000000	0.018000	-0.020600	0.000000	0.000000	0.000000	0.000000	0.000000	4	4	4	5	5	5	5	13.937304	119590	120364	119784	83110	0	0.000000	0.000000	24.525002	256.000000
