35.071999	0	0.000000	0.000000	0.000000	0.000000	0.000000	0.000000	0.000000	0.000000	0.000000	0.000000	0.000000	0.000000	0.000000	0.000000	0.000000	0.000000	0.000000	0.000000	0.000000	0.000000	0.000000	0.000000	1.000000	2.000000	3.000000	4.000000	0.000000	0.000000	0.000000	0.000000	0.000000	0.000000	0.000000	0.000000	0.000000	0.000000	0.000000	0.000000	0.000000	0.000000	0.000000	0.000000	0.000000	0.000000	0.000000	0.000000	0.000000	0.000000	0.000000	0.000000	0.000000	0.000000	0.000000	0.000000	0.000000	0.000000	0.000000	0.000000	0.000000	0.000000	0.000000	0.000000	0.000000	0.000000	0.000000	0.000000	0.000000	0.000000	0.000000	0.000000	0	0	0	0	0	0	0	14.800000	0.000000	0.000000	15187002368.031800	0.000000
35.083000	0	-0.022376	0.311113	-0.950217	0.000351	-0.000149	-0.001838	0.378715	-0.328450	0.735096	0.975327	0.220298	0.014343	-0.205255	0.928813	-0.308508	-0.081285	0.297952	0.951114	0.000000	0.000000	0.000000	0.490000	1.000000	2.000000	3.000000	4.000000	0.000000	0.000000	0.000000	0.000000	0.000000	0.000000	0.000000	0.000000	0.000000	0.000000	0.000000	0.000000	0.000000	0.000000	0.000000	0.000000	0.000000	0.000000	0.000000	0.000000	0.000000	0.000000	0.000000	0.000000	0.000000	0.000000	0.000000	0.000000	0.000000	0.000000	0.000000	0.000000	0.000000	0.000000	0.000000	0.000000	0.000000	0.000000	0.000000	0.000000	0.000000	0.000000	0.000000	0.000000	0	0	0	0	0	0	0	14.616865	0.000000	0.000000	15210628096.031799	0.000000
35.094002	0	-0.023994	0.309635	-0.949333	-0.002145	0.002121	-0.000368	0.378371	-0.328573	0.735472	0.975330	0.220284	0.014332	-0.205243	0.928808	-0.308531	-0.081276	0.297979	0.951106	0.000000	0.000000	0.000000	0.490000	1.000000	2.000000	3.000000	4.000000	0.000000	0.000000	0.000000	0.000000	0.000000	0.000000	0.000000	0.000000	0.000000	0.000000	0.000000	0.000000	0.000000	0.000000	0.000000	0.000000	0.000000	0.000000	0.000000	0.000000	0.000000	0.000000	0.000000	0.000000	0.000000	0.000000	0.000000	0.000000	0.000000	0.000000	0.000000	0.000000	0.000000	0.000000	0.000000	0.000000	0.000000	0.000000	0.000000	0.000000	0.000000	0.000000	0.000000	0.000000	0	0	0	0	0	0	0	14.616865	0.000000	0.000000	15234253824.031799	0.000000
35.105000	0	-0.021849	0.311875	-0.952089	0.002931	0.007478	0.000854	0.378590	-0.328905	0.734672	0.975328	0.220299	0.014257	-0.205279	0.928795	-0.308546	-0.081214	0.298007	0.951103	0.000000	0.000000	0.000000	0.530000	1.000000	2.000000	3.000000	4.000000	0.000000	0.000000	0.000000	0.000000	0.000000	0.000000	0.000000	0.000000	0.000000	0.000000	0.000000	0.000000	0.000000	0.000000	0.000000	0.000000	0.000000	0.000000	0.000000	0.000000	0.000000	0.000000	0.000000	0.000000	0.000000	0.000000	0.000000	0.000000	0.000000	0.000000	0.000000	0.000000	0.000000	0.000000	0.000000	0.000000	0.000000	0.000000	0.000000	0.000000	0.000000	0.000000	0.000000	0.000000	0	0	0	0	0	0	0	14.616865	0.000000	0.000000	15257871360.031800	0.000000
35.116001	0	-0.021544	0.311800	-0.949047	-0.000536	0.003694	-0.001124	0.378166	-0.328714	0.734866	0.975333	0.220277	0.014252	-0.205257	0.928793	-0.308567	-0.081208	0.298030	0.951096	0.000000	0.000000	0.000000	0.530000	1.000000	2.000000	3.000000	4.000000	0.000000	0.000000	0.000000	0.000000	0.000000	0.000000	0.000000	0.000000	0.000000	0.000000	0.000000	0.000000	0.000000	0.000000	0.000000	0.000000	0.000000	0.000000	0.000000	0.000000	0.000000	0.000000	0.000000	0.000000	0.000000	0.000000	0.000000	0.000000	0.000000	0.000000	0.000000	0.000000	0.000000	0.000000	0.000000	0.000000	0.000000	0.000000	0.000000	0.000000	0.000000	0.000000	0.000000	0.000000	0	0	0	0	0	0	0	14.616865	0.000000	0.000000	15281497088.031800	0.000000
35.126999	0	-0.021747	0.310796	-0.947500	0.003311	0.001053	-0.003851	0.378499	-0.328439	0.734513	0.975340	0.220246	0.014286	-0.205218	0.928807	-0.308549	-0.081226	0.298008	0.951101	0.000000	0.000000	0.000000	0.500000	1.000000	2.000000	3.000000	4.000000	0.000000	0.000000	0.000000	0.000000	0.000000	0.000000	0.000000	0.000000	0.000000	0.000000	0.000000	0.000000	0.000000	0.000000	0.000000	0.000000	0.000000	0.000000	0.000000	0.000000	0.000000	0.000000	0.000000	0.000000	0.000000	0.000000	0.000000	0.000000	0.000000	0.000000	0.000000	0.000000	0.000000	0.000000	0.000000	0.000000	0.000000	0.000000	0.000000	0.000000	0.000000	0.000000	0.000000	0.000000	0	0	0	0	0	0	0	14.616865	0.000000	0.000000	15305114624.031799	0.000000
35.138000	0	-0.022323	0.311709	-0.950610	0.003656	-0.000406	0.000372	0.378372	-0.328798	0.734664	0.975327	0.220301	0.014303	-0.205267	0.928799	-0.308540	-0.081256	0.297991	0.951104	0.000000	0.000000	0.000000	0.500000	1.000000	2.000000	3.000000	4.000000	0.000000	0.000000	0.000000	0.000000	0.000000	0.000000	0.000000	0.000000	0.000000	0.000000	0.000000	0.000000	0.000000	0.000000	0.000000	0.000000	0.000000	0.000000	0.000000	0.000000	0.000000	0.000000	0.000000	0.000000	0.000000	0.000000	0.000000	0.000000	0.000000	0.000000	0.000000	0.000000	0.000000	0.000000	0.000000	0.000000	0.000000	0.000000	0.000000	0.000000	0.000000	0.000000	0.000000	0.000000	0	0	0	0	0	0	0	14.616865	0.000000	0.000000	15328740352.031798	0.000000
35.148998	0	-0.023143	0.312315	-0.951404	0.003519	0.001222	0.001518	0.378110	-0.328657	0.735210	0.975324	0.220313	0.014303	-0.205278	0.928798	-0.308538	-0.081259	0.297989	0.951104	0.000000	0.000000	0.000000	0.530000	1.000000	2.000000	3.000000	4.000000	0.000000	0.000000	0.000000	0.000000	0.000000	0.000000	0.000000	0.000000	0.000000	0.000000	0.000000	0.000000	0.000000	0.000000	0.000000	0.000000	0.000000	0.000000	0.000000	0.000000	0.000000	0.000000	0.000000	0.000000	0.000000	0.000000	0.000000	0.000000	0.000000	0.000000	0.000000	0.000000	0.000000	0.000000	0.000000	0.000000	0.000000	0.000000	0.000000	0.000000	0.000000	0.000000	0.000000	0.000000	0	0	0	0	0	0	0	14.616865	0.000000	0.000000	15352357888.031800	0.000000
35.160000	0	-0.023664	0.311004	-0.949214	-0.000879	0.001903	0.004022	0.378105	-0.328707	0.735098	0.975313	0.220366	0.014284	-0.205332	0.928776	-0.308566	-0.081264	0.298016	0.951096	0.000000	0.000000	0.000000	0.530000	1.000000	2.000000	3.000000	4.000000	0.000000	0.000000	0.000000	0.000000	0.000000	0.000000	0.000000	0.000000	0.000000	0.000000	0.000000	0.000000	0.000000	0.000000	0.000000	0.000000	0.000000	0.000000	0.000000	0.000000	0.000000	0.000000	0.000000	0.000000	0.000000	0.000000	0.000000	0.000000	0.000000	0.000000	0.000000	0.000000	0.000000	0.000000	0.000000	0.000000	0.000000	0.000000	0.000000	0.000000	0.000000	0.000000	0.000000	0.000000	0	0	0	0	0	0	0	14.616865	0.000000	0.000000	15375983616.031799	0.000000
35.171001	0	-0.022745	0.311035	-0.948348	-0.001028	0.001641	0.000218	0.378177	-0.328906	0.734537	0.975309	0.220380	0.014299	-0.205341	0.928775	-0.308565	-0.081282	0.298010	0.951096	0.000000	0.000000	0.000000	0.530000	1.000000	2.000000	3.000000	4.000000	0.000000	0.000000	0.000000	0.000000	0.000000	0.000000	0.000000	0.000000	0.000000	0.000000	0.000000	0.000000	0.000000	0.000000	0.000000	0.000000	0.000000	0.000000	0.000000	0.000000	0.000000	0.000000	0.000000	0.000000	0.000000	0.000000	0.000000	0.000000	0.000000	0.000000	0.000000	0.000000	0.000000	0.000000	0.000000	0.000000	0.000000	0.000000	0.000000	0.000000	0.000000	0.000000	0.000000	0.000000	0	0	0	0	0	0	0	14.616865	0.000000	0.000000	15399609344.031799	0.000000
35.181999	0	-0.021365	0.314716	-0.954504	0.008042	0.003110	-0.002153	0.378571	-0.328568	0.734715	0.975313	0.220364	0.014288	-0.205337	0.928807	-0.308471	-0.081247	0.297922	0.951126	0.000000	0.000000	0.000000	0.530000	1.000000	2.000000	3.000000	4.000000	0.000000	0.000000	0.000000	0.000000	0.000000	0.000000	0.000000	0.000000	0.000000	0.000000	0.000000	0.000000	0.000000	0.000000	0.000000	0.000000	0.000000	0.000000	0.000000	0.000000	0.000000	0.000000	0.000000	0.000000	0.000000	0.000000	0.000000	0.000000	0.000000	0.000000	0.000000	0.000000	0.000000	0.000000	0.000000	0.000000	0.000000	0.000000	0.000000	0.000000	0.000000	0.000000	0.000000	0.000000	0	0	0	0	0	0	0	14.616865	0.000000	0.000000	15423226880.031800	0.000000
35.193001	0	-0.022150	0.314970	-0.956369	0.004006	0.004994	-0.001499	0.378170	-0.328796	0.734757	0.975318	0.220344	0.014281	-0.205314	0.928790	-0.308536	-0.081248	0.297989	0.951105	0.000000	0.000000	0.000000	0.490000	1.000000	2.000000	3.000000	4.000000	0.000000	0.000000	0.000000	0.000000	0.000000	0.000000	0.000000	0.000000	0.000000	0.000000	0.000000	0.000000	0.000000	0.000000	0.000000	0.000000	0.000000	0.000000	0.000000	0.000000	0.000000	0.000000	0.000000	0.000000	0.000000	0.000000	0.000000	0.000000	0.000000	0.000000	0.000000	0.000000	0.000000	0.000000	0.000000	0.000000	0.000000	0.000000	0.000000	0.000000	0.000000	0.000000	0.000000	0.000000	0	0	0	0	0	0	0	14.616865	0.000000	0.000000	15446852608.031800	0.000000
35.203999	0	-0.023169	0.312232	-0.949082	0.002263	0.001643	-0.002045	0.378895	-0.329200	0.734342	0.975324	0.220316	0.014288	-0.205287	0.928802	-0.308518	-0.081242	0.297972	0.951111	0.000000	0.000000	0.000000	0.490000	1.000000	2.000000	3.000000	4.000000	0.000000	0.000000	0.000000	0.000000	0.000000	0.000000	0.000000	0.000000	0.000000	0.000000	0.000000	0.000000	0.000000	0.000000	0.000000	0.000000	0.000000	0.000000	0.000000	0.000000	0.000000	0.000000	0.000000	0.000000	0.000000	0.000000	0.000000	0.000000	0.000000	0.000000	0.000000	0.000000	0.000000	0.000000	0.000000	0.000000	0.000000	0.000000	0.000000	0.000000	0.000000	0.000000	0.000000	0.000000	0	0	0	0	0	0	0	14.616865	0.000000	0.000000	15470470144.031799	0.000000
35.215000	0	-0.021260	0.312830	-0.952115	0.002899	0.001715	0.001732	0.378789	-0.328158	0.734710	0.975321	0.220331	0.014270	-0.205312	0.928815	-0.308464	-0.081219	0.297921	0.951129	0.000000	0.000000	0.000000	0.510000	1.000000	2.000000	3.000000	4.000000	0.000000	0.000000	0.000000	0.000000	0.000000	0.000000	0.000000	0.000000	0.000000	0.000000	0.000000	0.000000	0.000000	0.000000	0.000000	0.000000	0.000000	0.000000	0.000000	0.000000	0.000000	0.000000	0.000000	0.000000	0.000000	0.000000	0.000000	0.000000	0.000000	0.000000	0.000000	0.000000	0.000000	0.000000	0.000000	0.000000	0.000000	0.000000	0.000000	0.000000	0.000000	0.000000	0.000000	0.000000	0	0	0	0	0	0	0	14.616865	0.000000	0.000000	15494095872.031798	0.000000
35.226002	0	-0.023353	0.310774	-0.945658	-0.000571	0.002725	-0.006287	0.378876	-0.328320	0.734487	0.975335	0.220268	0.014292	-0.205241	0.928814	-0.308513	-0.081230	0.297970	0.951113	0.000000	0.000000	0.000000	0.510000	1.000000	2.000000	3.000000	4.000000	0.000000	0.000000	0.000000	0.000000	0.000000	0.000000	0.000000	0.000000	0.000000	0.000000	0.000000	0.000000	0.000000	0.000000	0.000000	0.000000	0.000000	0.000000	0.000000	0.000000	0.000000	0.000000	0.000000	0.000000	0.000000	0.000000	0.000000	0.000000	0.000000	0.000000	0.000000	0.000000	0.000000	0.000000	0.000000	0.000000	0.000000	0.000000	0.000000	0.000000	0.000000	0.000000	0.000000	0.000000	0	0	0	0	0	0	0	14.616865	0.000000	0.000000	15517721600.031800	0.000000
35.237000	0	-0.022791	0.306444	-0.948109	0.001054	0.007356	-0.006806	0.378229	-0.327993	0.734394	0.975343	0.220233	0.014278	-0.205217	0.928838	-0.308459	-0.081195	0.297923	0.951131	0.000000	0.000000	0.000000	0.530000	1.000000	2.000000	3.000000	4.000000	0.000000	0.000000	0.000000	0.000000	0.000000	0.000000	0.000000	0.000000	0.000000	0.000000	0.000000	0.000000	0.000000	0.000000	0.000000	0.000000	0.000000	0.000000	0.000000	0.000000	0.000000	0.000000	0.000000	0.000000	0.000000	0.000000	0.000000	0.000000	0.000000	0.000000	0.000000	0.000000	0.000000	0.000000	0.000000	0.000000	0.000000	0.000000	0.000000	0.000000	0.000000	0.000000	0.000000	0.000000	0	0	0	0	0	0	0	14.616865	0.000000	0.000000	15541339136.031799	0.000000
35.248001	0	-0.020109	0.305479	-0.948836	0.002630	0.005786	-0.000203	0.378361	-0.328644	0.734694	0.975329	0.220296	0.014277	-0.205280	0.928839	-0.308412	-0.081203	0.297873	0.951146	0.000000	0.000000	0.000000	0.530000	1.000000	2.000000	3.000000	4.000000	0.000000	0.000000	0.000000	0.000000	0.000000	0.000000	0.000000	0.000000	0.000000	0.000000	0.000000	0.000000	0.000000	0.000000	0.000000	0.000000	0.000000	0.000000	0.000000	0.000000	0.000000	0.000000	0.000000	0.000000	0.000000	0.000000	0.000000	0.000000	0.000000	0.000000	0.000000	0.000000	0.000000	0.000000	0.000000	0.000000	0.000000	0.000000	0.000000	0.000000	0.000000	0.000000	0.000000	0.000000	0	0	0	0	0	0	0	14.616865	0.000000	0.000000	15564964864.031799	0.000000
35.258999	0	-0.021363	0.310236	-0.950727	0.002835	0.008615	0.006470	0.377908	-0.328843	0.734809	0.975311	0.220377	0.014210	-0.205376	0.928811	-0.308433	-0.081170	0.297900	0.951140	0.000000	0.000000	0.000000	0.520000	1.000000	2.000000	3.000000	4.000000	0.000000	0.000000	0.000000	0.000000	0.000000	0.000000	0.000000	0.000000	0.000000	0.000000	0.000000	0.000000	0.000000	0.000000	0.000000	0.000000	0.000000	0.000000	0.000000	0.000000	0.000000	0.000000	0.000000	0.000000	0.000000	0.000000	0.000000	0.000000	0.000000	0.000000	0.000000	0.000000	0.000000	0.000000	0.000000	0.000000	0.000000	0.000000	0.000000	0.000000	0.000000	0.000000	0.000000	0.000000	0	0	0	0	0	0	0	14.616865	0.000000	0.000000	15588582400.031800	0.000000
35.270000	0	-0.022899	0.311700	-0.947626	0.000856	0.005384	-0.002160	0.377499	-0.328380	0.734784	0.975322	0.220329	0.014202	-0.205331	0.928813	-0.308458	-0.081153	0.297930	0.951132	0.000000	0.000000	0.000000	0.520000	1.000000	2.000000	3.000000	4.000000	0.000000	0.000000	0.000000	0.000000	0.000000	0.000000	0.000000	0.000000	0.000000	0.000000	0.000000	0.000000	0.000000	0.000000	0.000000	0.000000	0.000000	0.000000	0.000000	0.000000	0.000000	0.000000	0.000000	0.000000	0.000000	0.000000	0.000000	0.000000	0.000000	0.000000	0.000000	0.000000	0.000000	0.000000	0.000000	0.000000	0.000000	0.000000	0.000000	0.000000	0.000000	0.000000	0.000000	0.000000	0	0	0	0	0	0	0	14.616865	0.000000	0.000000	15612208128.031800	0.000000
35.280998	0	-0.022722	0.311462	-0.949459	0.002749	0.002435	-0.002169	0.378342	-0.328658	0.734789	0.975327	0.220305	0.014206	-0.205310	0.928829	-0.308421	-0.081142	0.297895	0.951144	0.000000	0.000000	0.000000	0.510000	1.000000	2.000000	3.000000	4.000000	0.000000	0.000000	0.000000	0.000000	0.000000	0.000000	0.000000	0.000000	0.000000	0.000000	0.000000	0.000000	0.000000	0.000000	0.000000	0.000000	0.000000	0.000000	0.000000	0.000000	0.000000	0.000000	0.000000	0.000000	0.000000	0.000000	0.000000	0.000000	0.000000	0.000000	0.000000	0.000000	0.000000	0.000000	0.000000	0.000000	0.000000	0.000000	0.000000	0.000000	0.000000	0.000000	0.000000	0.000000	0	0	0	0	0	0	0	14.616865	0.000000	0.000000	15635825664.031799	0.000000
35.292000	0	-0.021719	0.311411	-0.949175	0.001200	0.003609	-0.000812	0.378182	-0.328531	0.734425	0.975324	0.220318	0.014212	-0.205320	0.928824	-0.308431	-0.081154	0.297903	0.951140	0.000000	0.000000	0.000000	0.510000	1.000000	2.000000	3.000000	4.000000	0.000000	0.000000	0.000000	0.000000	0.000000	0.000000	0.000000	0.000000	0.000000	0.000000	0.000000	0.000000	0.000000	0.000000	0.000000	0.000000	0.000000	0.000000	0.000000	0.000000	0.000000	0.000000	0.000000	0.000000	0.000000	0.000000	0.000000	0.000000	0.000000	0.000000	0.000000	0.000000	0.000000	0.000000	0.000000	0.000000	0.000000	0.000000	0.000000	0.000000	0.000000	0.000000	0.000000	0.000000	0	0	0	0	0	0	0	14.616865	0.000000	0.000000	15659451392.031798	0.000000
35.303001	0	-0.020955	0.313273	-0.951621	0.002192	-0.000642	-0.000622	0.378263	-0.328105	0.734734	0.975324	0.220318	0.014262	-0.205308	0.928840	-0.308392	-0.081192	0.297854	0.951153	0.000000	0.000000	0.000000	0.510000	1.000000	2.000000	3.000000	4.000000	0.000000	0.000000	0.000000	0.000000	0.000000	0.000000	0.000000	0.000000	0.000000	0.000000	0.000000	0.000000	0.000000	0.000000	0.000000	0.000000	0.000000	0.000000	0.000000	0.000000	0.000000	0.000000	0.000000	0.000000	0.000000	0.000000	0.000000	0.000000	0.000000	0.000000	0.000000	0.000000	0.000000	0.000000	0.000000	0.000000	0.000000	0.000000	0.000000	0.000000	0.000000	0.000000	0.000000	0.000000	0	0	0	0	0	0	0	14.616865	0.000000	0.000000	15683077120.031800	0.000000
35.313999	0	-0.023545	0.313356	-0.954009	0.001779	-0.002866	-0.001670	0.378523	-0.328375	0.735415	0.975323	0.220320	0.014296	-0.205297	0.928829	-0.308431	-0.081233	0.297885	0.951139	0.000000	0.000000	0.000000	0.510000	1.000000	2.000000	3.000000	4.000000	0.000000	0.000000	0.000000	0.000000	0.000000	0.000000	0.000000	0.000000	0.000000	0.000000	0.000000	0.000000	0.000000	0.000000	0.000000	0.000000	0.000000	0.000000	0.000000	0.000000	0.000000	0.000000	0.000000	0.000000	0.000000	0.000000	0.000000	0.000000	0.000000	0.000000	0.000000	0.000000	0.000000	0.000000	0.000000	0.000000	0.000000	0.000000	0.000000	0.000000	0.000000	0.000000	0.000000	0.000000	0	0	0	0	0	0	0	14.616865	0.000000	0.000000	15706694656.031799	0.000000
35.325001	0	-0.022882	0.311734	-0.947552	-0.000217	-0.000315	-0.001584	0.378619	-0.329012	0.734733	0.975340	0.220242	0.014319	-0.205214	0.928838	-0.308458	-0.081235	0.297913	0.951130	0.000000	0.000000	0.000000	0.520000	1.000000	2.000000	3.000000	4.000000	0.000000	0.000000	0.000000	0.000000	0.000000	0.000000	0.000000	0.000000	0.000000	0.000000	0.000000	0.000000	0.000000	0.000000	0.000000	0.000000	0.000000	0.000000	0.000000	0.000000	0.000000	0.000000	0.000000	0.000000	0.000000	0.000000	0.000000	0.000000	0.000000	0.000000	0.000000	0.000000	0.000000	0.000000	0.000000	0.000000	0.000000	0.000000	0.000000	0.000000	0.000000	0.000000	0.000000	0.000000	0	0	0	0	0	0	0	14.616865	0.000000	0.000000	15730320384.031799	0.000000
35.335999	0	-0.021912	0.311598	-0.945412	-0.002171	0.001424	0.002246	0.378795	-0.329251	0.734643	0.975332	0.220277	0.014342	-0.205238	0.928824	-0.308486	-0.081273	0.297933	0.951121	0.000000	0.000000	0.000000	0.520000	1.000000	2.000000	3.000000	4.000000	0.000000	0.000000	0.000000	0.000000	0.000000	0.000000	0.000000	0.000000	0.000000	0.000000	0.000000	0.000000	0.000000	0.000000	0.000000	0.000000	0.000000	0.000000	0.000000	0.000000	0.000000	0.000000	0.000000	0.000000	0.000000	0.000000	0.000000	0.000000	0.000000	0.000000	0.000000	0.000000	0.000000	0.000000	0.000000	0.000000	0.000000	0.000000	0.000000	0.000000	0.000000	0.000000	0.000000	0.000000	0	0	0	0	0	0	0	14.616865	0.000000	0.000000	15753937920.031800	0.000000
35.347000	0	-0.022473	0.311433	-0.949962	0.000664	0.003755	-0.006281	0.378282	-0.328916	0.734511	0.975352	0.220189	0.014345	-0.205150	0.928837	-0.308504	-0.081253	0.297957	0.951115	0.000000	0.000000	0.000000	0.510000	1.000000	2.000000	3.000000	4.000000	0.000000	0.000000	0.000000	0.000000	0.000000	0.000000	0.000000	0.000000	0.000000	0.000000	0.000000	0.000000	0.000000	0.000000	0.000000	0.000000	0.000000	0.000000	0.000000	0.000000	0.000000	0.000000	0.000000	0.000000	0.000000	0.000000	0.000000	0.000000	0.000000	0.000000	0.000000	0.000000	0.000000	0.000000	0.000000	0.000000	0.000000	0.000000	0.000000	0.000000	0.000000	0.000000	0.000000	0.000000	0	0	0	0	0	0	0	14.616865	0.000000	0.000000	15777563648.031800	0.000000
35.358002	0	-0.024086	0.306638	-0.946435	0.000541	0.005166	-0.007795	0.378849	-0.328775	0.734598	0.975353	0.220182	0.014382	-0.205136	0.928851	-0.308471	-0.081278	0.297918	0.951125	0.000000	0.000000	0.000000	0.510000	1.000000	2.000000	3.000000	4.000000	0.000000	0.000000	0.000000	0.000000	0.000000	0.000000	0.000000	0.000000	0.000000	0.000000	0.000000	0.000000	0.000000	0.000000	0.000000	0.000000	0.000000	0.000000	0.000000	0.000000	0.000000	0.000000	0.000000	0.000000	0.000000	0.000000	0.000000	0.000000	0.000000	0.000000	0.000000	0.000000	0.000000	0.000000	0.000000	0.000000	0.000000	0.000000	0.000000	0.000000	0.000000	0.000000	0.000000	0.000000	0	0	0	0	0	0	0	14.616865	0.000000	0.000000	15801189376.031799	0.000000
35.368999	0	-0.022836	0.308377	-0.947705	0.001273	0.003885	-0.004649	0.379217	-0.328920	0.734817	0.975354	0.220175	0.014393	-0.205126	0.928852	-0.308475	-0.081288	0.297920	0.951124	0.000000	0.000000	0.000000	0.520000	1.000000	2.000000	3.000000	4.000000	0.000000	0.000000	0.000000	0.000000	0.000000	0.000000	0.000000	0.000000	0.000000	0.000000	0.000000	0.000000	0.000000	0.000000	0.000000	0.000000	0.000000	0.000000	0.000000	0.000000	0.000000	0.000000	0.000000	0.000000	0.000000	0.000000	0.000000	0.000000	0.000000	0.000000	0.000000	0.000000	0.000000	0.000000	0.000000	0.000000	0.000000	0.000000	0.000000	0.000000	0.000000	0.000000	0.000000	0.000000	0	0	0	0	0	0	0	14.616865	0.000000	0.000000	15824806912.031798	0.000000
35.380001	0	-0.021249	0.310330	-0.949209	0.004825	0.005309	0.000482	0.378393	-0.328990	0.734356	0.975346	0.220213	0.014370	-0.205169	0.928846	-0.308463	-0.081275	0.297910	0.951128	0.000000	0.000000	0.000000	0.520000	1.000000	2.000000	3.000000	4.000000	0.000000	0.000000	0.000000	0.000000	0.000000	0.000000	0.000000	0.000000	0.000000	0.000000	0.000000	0.000000	0.000000	0.000000	0.000000	0.000000	0.000000	0.000000	0.000000	0.000000	0.000000	0.000000	0.000000	0.000000	0.000000	0.000000	0.000000	0.000000	0.000000	0.000000	0.000000	0.000000	0.000000	0.000000	0.000000	0.000000	0.000000	0.000000	0.000000	0.000000	0.000000	0.000000	0.000000	0.000000	0	0	0	0	0	0	0	14.616865	0.000000	0.000000	15848432640.031800	0.000000
35.390999	0	-0.023188	0.311176	-0.949721	-0.002232	0.005426	0.004427	0.377962	-0.328584	0.734306	0.975341	0.220239	0.014334	-0.205203	0.928831	-0.308487	-0.081255	0.297938	0.951121	0.000000	0.000000	0.000000	0.510000	1.000000	2.000000	3.000000	4.000000	0.000000	0.000000	0.000000	0.000000	0.000000	0.000000	0.000000	0.000000	0.000000	0.000000	0.000000	0.000000	0.000000	0.000000	0.000000	0.000000	0.000000	0.000000	0.000000	0.000000	0.000000	0.000000	0.000000	0.000000	0.000000	0.000000	0.000000	0.000000	0.000000	0.000000	0.000000	0.000000	0.000000	0.000000	0.000000	0.000000	0.000000	0.000000	0.000000	0.000000	0.000000	0.000000	0.000000	0.000000	0	0	0	0	0	0	0	14.616865	0.000000	0.000000	15872050176.031799	0.000000
35.402000	0	-0.024284	0.309532	-0.947049	0.001119	0.003936	-0.000480	0.377880	-0.328695	0.734284	0.975336	0.220260	0.014329	-0.205227	0.928836	-0.308458	-0.081250	0.297909	0.951130	0.000000	0.000000	0.000000	0.510000	1.000000	2.000000	3.000000	4.000000	0.000000	0.000000	0.000000	0.000000	0.000000	0.000000	0.000000	0.000000	0.000000	0.000000	0.000000	0.000000	0.000000	0.000000	0.000000	0.000000	0.000000	0.000000	0.000000	0.000000	0.000000	0.000000	0.000000	0.000000	0.000000	0.000000	0.000000	0.000000	0.000000	0.000000	0.000000	0.000000	0.000000	0.000000	0.000000	0.000000	0.000000	0.000000	0.000000	0.000000	0.000000	0.000000	0.000000	0.000000	0	0	0	0	0	0	0	14.616865	0.000000	0.000000	15895675904.031799	0.000000
35.412998	0	-0.022406	0.311494	-0.946351	0.003953	-0.002102	-0.002687	0.378222	-0.329486	0.734216	0.975332	0.220271	0.014401	-0.205217	0.928843	-0.308444	-0.081318	0.297880	0.951134	0.000000	0.000000	0.000000	0.510000	1.000000	2.000000	3.000000	4.000000	0.000000	0.000000	0.000000	0.000000	0.000000	0.000000	0.000000	0.000000	0.000000	0.000000	0.000000	0.000000	0.000000	0.000000	0.000000	0.000000	0.000000	0.000000	0.000000	0.000000	0.000000	0.000000	0.000000	0.000000	0.000000	0.000000	0.000000	0.000000	0.000000	0.000000	0.000000	0.000000	0.000000	0.000000	0.000000	0.000000	0.000000	0.000000	0.000000	0.000000	0.000000	0.000000	0.000000	0.000000	0	0	0	0	0	0	0	14.616865	0.000000	0.000000	15919293440.031800	0.000000
35.424000	0	-0.023968	0.313140	-0.950685	-0.000868	0.002357	-0.004063	0.377956	-0.328775	0.734094	0.975341	0.220234	0.014391	-0.205185	0.928850	-0.308441	-0.081296	0.297882	0.951135	0.000000	0.000000	0.000000	0.510000	1.000000	2.000000	3.000000	4.000000	0.000000	0.000000	0.000000	0.000000	0.000000	0.000000	0.000000	0.000000	0.000000	0.000000	0.000000	0.000000	0.000000	0.000000	0.000000	0.000000	0.000000	0.000000	0.000000	0.000000	0.000000	0.000000	0.000000	0.000000	0.000000	0.000000	0.000000	0.000000	0.000000	0.000000	0.000000	0.000000	0.000000	0.000000	0.000000	0.000000	0.000000	0.000000	0.000000	0.000000	0.000000	0.000000	0.000000	0.000000	0	0	0	0	0	0	0	14.616865	0.000000	0.000000	15942919168.031800	0.000000
35.435001	0	-0.023884	0.311716	-0.944911	0.000287	0.003619	-0.000085	0.378684	-0.327971	0.734126	0.975340	0.220237	0.014409	-0.205183	0.928855	-0.308430	-0.081312	0.297868	0.951138	0.000000	0.000000	0.000000	0.520000	1.000000	2.000000	3.000000	4.000000	0.000000	0.000000	0.000000	0.000000	0.000000	0.000000	0.000000	0.000000	0.000000	0.000000	0.000000	0.000000	0.000000	0.000000	0.000000	0.000000	0.000000	0.000000	0.000000	0.000000	0.000000	0.000000	0.000000	0.000000	0.000000	0.000000	0.000000	0.000000	0.000000	0.000000	0.000000	0.000000	0.000000	0.000000	0.000000	0.000000	0.000000	0.000000	0.000000	0.000000	0.000000	0.000000	0.000000	0.000000	0	0	0	0	0	0	0	14.616865	0.000000	0.000000	15966544896.031799	0.000000
35.445999	0	-0.022026	0.312294	-0.948974	-0.006759	-0.002582	0.000614	0.378681	-0.328838	0.734424	0.975328	0.220282	0.014499	-0.205190	0.928816	-0.308542	-0.081433	0.297955	0.951100	0.000000	0.000000	0.000000	0.520000	1.000000	2.000000	3.000000	4.000000	0.000000	0.000000	0.000000	0.000000	0.000000	0.000000	0.000000	0.000000	0.000000	0.000000	0.000000	0.000000	0.000000	0.000000	0.000000	0.000000	0.000000	0.000000	0.000000	0.000000	0.000000	0.000000	0.000000	0.000000	0.000000	0.000000	0.000000	0.000000	0.000000	0.000000	0.000000	0.000000	0.000000	0.000000	0.000000	0.000000	0.000000	0.000000	0.000000	0.000000	0.000000	0.000000	0.000000	0.000000	0	0	0	0	0	0	0	14.616865	0.000000	0.000000	15990162432.031798	0.000000
35.457001	0	-0.022140	0.313322	-0.951128	-0.003035	0.001836	-0.002896	0.378693	-0.328668	0.734692	0.975330	0.220279	0.014447	-0.205202	0.928812	-0.308545	-0.081385	0.297969	0.951100	0.000000	0.000000	0.000000	0.520000	1.000000	2.000000	3.000000	4.000000	0.000000	0.000000	0.000000	0.000000	0.000000	0.000000	0.000000	0.000000	0.000000	0.000000	0.000000	0.000000	0.000000	0.000000	0.000000	0.000000	0.000000	0.000000	0.000000	0.000000	0.000000	0.000000	0.000000	0.000000	0.000000	0.000000	0.000000	0.000000	0.000000	0.000000	0.000000	0.000000	0.000000	0.000000	0.000000	0.000000	0.000000	0.000000	0.000000	0.000000	0.000000	0.000000	0.000000	0.000000	0	0	0	0	0	0	0	14.616865	0.000000	0.000000	16013788160.031800	0.000000
35.467999	0	-0.023281	0.309612	-0.945091	-0.007580	0.007129	-0.006808	0.378389	-0.328526	0.734519	0.975345	0.220210	0.014446	-0.205134	0.928812	-0.308590	-0.081372	0.298019	0.951085	0.000000	0.000000	0.000000	0.520000	1.000000	2.000000	3.000000	4.000000	0.000000	0.000000	0.000000	0.000000	0.000000	0.000000	0.000000	0.000000	0.000000	0.000000	0.000000	0.000000	0.000000	0.000000	0.000000	0.000000	0.000000	0.000000	0.000000	0.000000	0.000000	0.000000	0.000000	0.000000	0.000000	0.000000	0.000000	0.000000	0.000000	0.000000	0.000000	0.000000	0.000000	0.000000	0.000000	0.000000	0.000000	0.000000	0.000000	0.000000	0.000000	0.000000	0.000000	0.000000	0	0	0	0	0	0	0	14.616865	0.000000	0.000000	16037405696.031799	0.000000
35.479000	0	-0.023328	0.310435	-0.948758	-0.001797	0.004135	-0.007424	0.378223	-0.328643	0.734046	0.975352	0.220181	0.014460	-0.205103	0.928824	-0.308575	-0.081373	0.298004	0.951090	0.000000	0.000000	0.000000	0.490000	1.000000	2.000000	3.000000	4.000000	0.000000	0.000000	0.000000	0.000000	0.000000	0.000000	0.000000	0.000000	0.000000	0.000000	0.000000	0.000000	0.000000	0.000000	0.000000	0.000000	0.000000	0.000000	0.000000	0.000000	0.000000	0.000000	0.000000	0.000000	0.000000	0.000000	0.000000	0.000000	0.000000	0.000000	0.000000	0.000000	0.000000	0.000000	0.000000	0.000000	0.000000	0.000000	0.000000	0.000000	0.000000	0.000000	0.000000	0.000000	0	0	0	0	0	0	0	14.616865	0.000000	0.000000	16061031424.031799	0.000000
35.490002	0	-0.020953	0.313309	-0.952367	-0.002316	0.003610	-0.000721	0.377822	-0.328343	0.734400	0.975351	0.220185	0.014451	-0.205104	0.928803	-0.308638	-0.081380	0.298067	0.951070	0.000000	0.000000	0.000000	0.490000	1.000000	2.000000	3.000000	4.000000	0.000000	0.000000	0.000000	0.000000	0.000000	0.000000	0.000000	0.000000	0.000000	0.000000	0.000000	0.000000	0.000000	0.000000	0.000000	0.000000	0.000000	0.000000	0.000000	0.000000	0.000000	0.000000	0.000000	0.000000	0.000000	0.000000	0.000000	0.000000	0.000000	0.000000	0.000000	0.000000	0.000000	0.000000	0.000000	0.000000	0.000000	0.000000	0.000000	0.000000	0.000000	0.000000	0.000000	0.000000	0	0	0	0	0	0	0	14.616865	0.000000	0.000000	16084657152.031798	0.000000
35.500999	0	-0.022008	0.311762	-0.949776	-0.005659	0.002900	-0.006001	0.378760	-0.328208	0.734513	0.975363	0.220133	0.014463	-0.205048	0.928804	-0.308672	-0.081383	0.298101	0.951059	0.000000	0.000000	0.000000	0.510000	1.000000	2.000000	3.000000	4.000000	0.000000	0.000000	0.000000	0.000000	0.000000	0.000000	0.000000	0.000000	0.000000	0.000000	0.000000	0.000000	0.000000	0.000000	0.000000	0.000000	0.000000	0.000000	0.000000	0.000000	0.000000	0.000000	0.000000	0.000000	0.000000	0.000000	0.000000	0.000000	0.000000	0.000000	0.000000	0.000000	0.000000	0.000000	0.000000	0.000000	0.000000	0.000000	0.000000	0.000000	0.000000	0.000000	0.000000	0.000000	0	0	0	0	0	0	0	14.616865	0.000000	0.000000	16108274688.031800	0.000000
35.512001	0	-0.020443	0.307336	-0.947588	0.003285	0.003843	0.001563	0.378971	-0.328214	0.734373	0.975349	0.220198	0.014409	-0.205131	0.928806	-0.308609	-0.081338	0.298046	0.951080	0.000000	0.000000	0.000000	0.510000	1.000000	2.000000	3.000000	4.000000	0.000000	0.000000	0.000000	0.000000	0.000000	0.000000	0.000000	0.000000	0.000000	0.000000	0.000000	0.000000	0.000000	0.000000	0.000000	0.000000	0.000000	0.000000	0.000000	0.000000	0.000000	0.000000	0.000000	0.000000	0.000000	0.000000	0.000000	0.000000	0.000000	0.000000	0.000000	0.000000	0.000000	0.000000	0.000000	0.000000	0.000000	0.000000	0.000000	0.000000	0.000000	0.000000	0.000000	0.000000	0	0	0	0	0	0	0	14.616865	0.000000	0.000000	16131900416.031799	0.000000
35.522999	0	-0.021901	0.310284	-0.954602	0.008429	0.004172	0.003805	0.378836	-0.328212	0.735082	0.975338	0.220250	0.014377	-0.205195	0.928809	-0.308560	-0.081314	0.298000	0.951096	0.000000	0.000000	0.000000	0.490000	1.000000	2.000000	3.000000	4.000000	0.000000	0.000000	0.000000	0.000000	0.000000	0.000000	0.000000	0.000000	0.000000	0.000000	0.000000	0.000000	0.000000	0.000000	0.000000	0.000000	0.000000	0.000000	0.000000	0.000000	0.000000	0.000000	0.000000	0.000000	0.000000	0.000000	0.000000	0.000000	0.000000	0.000000	0.000000	0.000000	0.000000	0.000000	0.000000	0.000000	0.000000	0.000000	0.000000	0.000000	0.000000	0.000000	0.000000	0.000000	0	0	0	0	0	0	0	14.616865	0.000000	0.000000	16155517952.031798	0.000000
35.534000	0	-0.023847	0.310047	-0.952737	0.005105	0.003042	0.001928	0.378136	-0.328074	0.734658	0.975330	0.220284	0.014369	-0.205231	0.928808	-0.308539	-0.081312	0.297978	0.951103	0.000000	0.000000	0.000000	0.490000	1.000000	2.000000	3.000000	4.000000	0.000000	0.000000	0.000000	0.000000	0.000000	0.000000	0.000000	0.000000	0.000000	0.000000	0.000000	0.000000	0.000000	0.000000	0.000000	0.000000	0.000000	0.000000	0.000000	0.000000	0.000000	0.000000	0.000000	0.000000	0.000000	0.000000	0.000000	0.000000	0.000000	0.000000	0.000000	0.000000	0.000000	0.000000	0.000000	0.000000	0.000000	0.000000	0.000000	0.000000	0.000000	0.000000	0.000000	0.000000	0	0	0	0	0	0	0	14.616865	0.000000	0.000000	16179143680.031800	0.000000
35.544998	0	-0.024257	0.308838	-0.947388	0.004579	0.005007	-0.002253	0.378633	-0.328691	0.733797	0.975335	0.220262	0.014352	-0.205218	0.928820	-0.308510	-0.081283	0.297955	0.951113	0.000000	0.000000	0.000000	0.480000	1.000000	2.000000	3.000000	4.000000	0.000000	0.000000	0.000000	0.000000	0.000000	0.000000	0.000000	0.000000	0.000000	0.000000	0.000000	0.000000	0.000000	0.000000	0.000000	0.000000	0.000000	0.000000	0.000000	0.000000	0.000000	0.000000	0.000000	0.000000	0.000000	0.000000	0.000000	0.000000	0.000000	0.000000	0.000000	0.000000	0.000000	0.000000	0.000000	0.000000	0.000000	0.000000	0.000000	0.000000	0.000000	0.000000	0.000000	0.000000	0	0	0	0	0	0	0	14.616865	0.000000	0.000000	16202761216.031799	0.000000
35.556000	0	-0.020254	0.312403	-0.951703	-0.000687	0.002684	0.001017	0.378485	-0.328556	0.734754	0.975334	0.220270	0.014331	-0.205232	0.928822	-0.308497	-0.081263	0.297946	0.951118	0.000000	0.000000	0.000000	0.480000	1.000000	2.000000	3.000000	4.000000	0.000000	0.000000	0.000000	0.000000	0.000000	0.000000	0.000000	0.000000	0.000000	0.000000	0.000000	0.000000	0.000000	0.000000	0.000000	0.000000	0.000000	0.000000	0.000000	0.000000	0.000000	0.000000	0.000000	0.000000	0.000000	0.000000	0.000000	0.000000	0.000000	0.000000	0.000000	0.000000	0.000000	0.000000	0.000000	0.000000	0.000000	0.000000	0.000000	0.000000	0.000000	0.000000	0.000000	0.000000	0	0	0	0	0	0	0	14.616865	0.000000	0.000000	16226386944.031799	0.000000
35.567001	0	-0.021490	0.310463	-0.945016	-0.002098	0.006883	-0.003426	0.379004	-0.328197	0.734764	0.975346	0.220216	0.014303	-0.205187	0.928823	-0.308522	-0.081226	0.297981	0.951110	0.000000	0.000000	0.000000	0.500000	1.000000	2.000000	3.000000	4.000000	0.000000	0.000000	0.000000	0.000000	0.000000	0.000000	0.000000	0.000000	0.000000	0.000000	0.000000	0.000000	0.000000	0.000000	0.000000	0.000000	0.000000	0.000000	0.000000	0.000000	0.000000	0.000000	0.000000	0.000000	0.000000	0.000000	0.000000	0.000000	0.000000	0.000000	0.000000	0.000000	0.000000	0.000000	0.000000	0.000000	0.000000	0.000000	0.000000	0.000000	0.000000	0.000000	0.000000	0.000000	0	0	0	0	0	0	0	14.616865	0.000000	0.000000	16250012672.031798	0.000000
35.577999	0	-0.021945	0.309917	-0.947305	0.002573	0.004461	-0.004855	0.378170	-0.328198	0.734613	0.975351	0.220193	0.014329	-0.205161	0.928840	-0.308488	-0.081237	0.297944	0.951120	0.000000	0.000000	0.000000	0.500000	1.000000	2.000000	3.000000	4.000000	0.000000	0.000000	0.000000	0.000000	0.000000	0.000000	0.000000	0.000000	0.000000	0.000000	0.000000	0.000000	0.000000	0.000000	0.000000	0.000000	0.000000	0.000000	0.000000	0.000000	0.000000	0.000000	0.000000	0.000000	0.000000	0.000000	0.000000	0.000000	0.000000	0.000000	0.000000	0.000000	0.000000	0.000000	0.000000	0.000000	0.000000	0.000000	0.000000	0.000000	0.000000	0.000000	0.000000	0.000000	0	0	0	0	0	0	0	14.616865	0.000000	0.000000	16273630208.031800	0.000000
35.589001	0	-0.023595	0.312834	-0.952411	0.003725	0.002568	-0.000708	0.377943	-0.328806	0.734716	0.975350	0.220196	0.014347	-0.205161	0.928848	-0.308465	-0.081249	0.297918	0.951127	0.000000	0.000000	0.000000	0.490000	1.000000	2.000000	3.000000	4.000000	0.000000	0.000000	0.000000	0.000000	0.000000	0.000000	0.000000	0.000000	0.000000	0.000000	0.000000	0.000000	0.000000	0.000000	0.000000	0.000000	0.000000	0.000000	0.000000	0.000000	0.000000	0.000000	0.000000	0.000000	0.000000	0.000000	0.000000	0.000000	0.000000	0.000000	0.000000	0.000000	0.000000	0.000000	0.000000	0.000000	0.000000	0.000000	0.000000	0.000000	0.000000	0.000000	0.000000	0.000000	0	0	0	0	0	0	0	14.616865	0.000000	0.000000	16297255936.031799	0.000000
35.599998	0	-0.020981	0.312258	-0.948487	0.003131	0.005792	-0.001899	0.378069	-0.328832	0.734092	0.975352	0.220188	0.014321	-0.205161	0.928851	-0.308455	-0.081220	0.297914	0.951131	0.000000	0.000000	0.000000	0.490000	1.000000	2.000000	3.000000	4.000000	0.000000	0.000000	0.000000	0.000000	0.000000	0.000000	0.000000	0.000000	0.000000	0.000000	0.000000	0.000000	0.000000	0.000000	0.000000	0.000000	0.000000	0.000000	0.000000	0.000000	0.000000	0.000000	0.000000	0.000000	0.000000	0.000000	0.000000	0.000000	0.000000	0.000000	0.000000	0.000000	0.000000	0.000000	0.000000	0.000000	0.000000	0.000000	0.000000	0.000000	0.000000	0.000000	0.000000	0.000000	0	0	0	0	0	0	0	14.616865	0.000000	0.000000	16320873472.031798	0.000000
35.611000	0	-0.021711	0.309936	-0.946051	0.002430	0.006352	-0.006630	0.378568	-0.328964	0.734542	0.975368	0.220120	0.014302	-0.205103	0.928869	-0.308440	-0.081178	0.297910	0.951136	0.000000	0.000000	0.000000	0.500000	1.000000	2.000000	3.000000	4.000000	0.000000	0.000000	0.000000	0.000000	0.000000	0.000000	0.000000	0.000000	0.000000	0.000000	0.000000	0.000000	0.000000	0.000000	0.000000	0.000000	0.000000	0.000000	0.000000	0.000000	0.000000	0.000000	0.000000	0.000000	0.000000	0.000000	0.000000	0.000000	0.000000	0.000000	0.000000	0.000000	0.000000	0.000000	0.000000	0.000000	0.000000	0.000000	0.000000	0.000000	0.000000	0.000000	0.000000	0.000000	0	0	0	0	0	0	0	14.616865	0.000000	0.000000	16344499200.031800	0.000000
35.622002	0	-0.023059	0.308793	-0.948242	0.002359	0.006108	-0.001320	0.378733	-0.328449	0.734807	0.975358	0.220163	0.014290	-0.205148	0.928862	-0.308432	-0.081179	0.297900	0.951139	0.000000	0.000000	0.000000	0.500000	1.000000	2.000000	3.000000	4.000000	0.000000	0.000000	0.000000	0.000000	0.000000	0.000000	0.000000	0.000000	0.000000	0.000000	0.000000	0.000000	0.000000	0.000000	0.000000	0.000000	0.000000	0.000000	0.000000	0.000000	0.000000	0.000000	0.000000	0.000000	0.000000	0.000000	0.000000	0.000000	0.000000	0.000000	0.000000	0.000000	0.000000	0.000000	0.000000	0.000000	0.000000	0.000000	0.000000	0.000000	0.000000	0.000000	0.000000	0.000000	0	0	0	0	0	0	0	14.616865	0.000000	0.000000	16368124928.031800	0.000000
35.632999	0	-0.023770	0.311099	-0.950204	0.003001	0.010799	0.002782	0.378407	-0.328400	0.735160	0.975356	0.220181	0.014212	-0.205191	0.928859	-0.308410	-0.081107	0.297894	0.951147	0.000000	0.000000	0.000000	0.510000	1.000000	2.000000	3.000000	4.000000	0.000000	0.000000	0.000000	0.000000	0.000000	0.000000	0.000000	0.000000	0.000000	0.000000	0.000000	0.000000	0.000000	0.000000	0.000000	0.000000	0.000000	0.000000	0.000000	0.000000	0.000000	0.000000	0.000000	0.000000	0.000000	0.000000	0.000000	0.000000	0.000000	0.000000	0.000000	0.000000	0.000000	0.000000	0.000000	0.000000	0.000000	0.000000	0.000000	0.000000	0.000000	0.000000	0.000000	0.000000	0	0	0	0	0	0	0	14.616865	0.000000	0.000000	16391742464.031799	0.000000
35.644001	0	-0.023294	0.311121	-0.947606	0.001650	0.005625	-0.002754	0.378422	-0.328512	0.734948	0.975364	0.220142	0.014214	-0.205153	0.928867	-0.308412	-0.081097	0.297898	0.951147	0.000000	0.000000	0.000000	0.510000	1.000000	2.000000	3.000000	4.000000	0.000000	0.000000	0.000000	0.000000	0.000000	0.000000	0.000000	0.000000	0.000000	0.000000	0.000000	0.000000	0.000000	0.000000	0.000000	0.000000	0.000000	0.000000	0.000000	0.000000	0.000000	0.000000	0.000000	0.000000	0.000000	0.000000	0.000000	0.000000	0.000000	0.000000	0.000000	0.000000	0.000000	0.000000	0.000000	0.000000	0.000000	0.000000	0.000000	0.000000	0.000000	0.000000	0.000000	0.000000	0	0	0	0	0	0	0	14.616865	0.000000	0.000000	16415368192.031798	0.000000
35.654999	0	-0.021166	0.309869	-0.946461	-0.000967	0.003022	-0.001922	0.378646	-0.327875	0.734707	0.975359	0.220164	0.014258	-0.205159	0.928859	-0.308432	-0.081149	0.297907	0.951139	0.000000	0.000000	0.000000	0.510000	1.000000	2.000000	3.000000	4.000000	0.000000	0.000000	0.000000	0.000000	0.000000	0.000000	0.000000	0.000000	0.000000	0.000000	0.000000	0.000000	0.000000	0.000000	0.000000	0.000000	0.000000	0.000000	0.000000	0.000000	0.000000	0.000000	0.000000	0.000000	0.000000	0.000000	0.000000	0.000000	0.000000	0.000000	0.000000	0.000000	0.000000	0.000000	0.000000	0.000000	0.000000	0.000000	0.000000	0.000000	0.000000	0.000000	0.000000	0.000000	0	0	0	0	0	0	0	14.616865	0.000000	0.000000	16438985728.031800	0.000000
35.666000	0	-0.021562	0.311942	-0.949571	0.001251	0.002145	-0.003227	0.378232	-0.328213	0.734841	0.975366	0.220131	0.014264	-0.205127	0.928870	-0.308420	-0.081142	0.297896	0.951143	0.000000	0.000000	0.000000	0.510000	1.000000	2.000000	3.000000	4.000000	0.000000	0.000000	0.000000	0.000000	0.000000	0.000000	0.000000	0.000000	0.000000	0.000000	0.000000	0.000000	0.000000	0.000000	0.000000	0.000000	0.000000	0.000000	0.000000	0.000000	0.000000	0.000000	0.000000	0.000000	0.000000	0.000000	0.000000	0.000000	0.000000	0.000000	0.000000	0.000000	0.000000	0.000000	0.000000	0.000000	0.000000	0.000000	0.000000	0.000000	0.000000	0.000000	0.000000	0.000000	0	0	0	0	0	0	0	14.616865	0.000000	0.000000	16462611456.031799	0.000000
