154.787994	0	0.003489	0.026119	0.999882	0.002174	0.004311	0.004025	-0.128051	-0.180047	-0.548791	-0.605367	-0.795931	0.004885	-0.795678	0.604993	-0.029651	0.020644	-0.021836	-0.999548	0.000000	0.000000	0.000000	16.990000	0.000000	0.000000	0.000000	0	0.000000	0.000000	0.000000	0.000000	0.000000	0.000000	-3.111938	-0.004885	-2.221033	0.100000	0.000000	0.000000	0.100000	0.000000	0.000000	0.100000	0.000000	0.000000	0.100000	0.000000	0.000000	0.000000	0.000000	0.000000	0.000000	0.000000	0.000000	0.000000	0.000000	0.000000	0.000000	0.000000	0.000000	0.000000	0.000000	0.000000	0.000000	0.000000	0.000000	1.698171	0.000000	0.000000	-0.645628	0.000000	4	4	4	5	5	5	5	13.949888	0	0	0	0	0	0.000000	0.000000	0.000000	0.000000
154.804001	0	0.005753	0.028388	0.998047	0.004484	0.005861	-0.001052	-0.128831	-0.179817	-0.548427	-0.606457	-0.795103	0.004639	-0.794840	0.606082	-0.029896	0.020959	-0.021818	-0.999542	0.000000	0.000000	0.000000	16.990000	0.000000	0.000000	0.000000	0	0.000000	0.000000	0.000000	0.000000	0.000000	0.000000	-3.111692	-0.004639	-2.222401	0.100000	0.000000	0.000000	0.100000	0.000000	0.000000	0.100000	0.000000	0.000000	0.100000	0.000000	0.000000	0.000000	0.000000	0.000000	0.000000	0.000000	0.000000	0.000000	0.000000	0.000000	0.000000	0.000000	0.000000	0.000000	0.000000	0.000000	0.000000	0.000000	0.000000	1.698161	0.000000	0.000000	-264.936920	0.000000	4	4	4	5	5	5	5	13.949888	0	0	0	0	0	0.000000	0.000000	0.000000	0.000000
154.815002	0	0.005753	0.028388	0.998047	0.004484	0.005861	-0.001052	-0.128831	-0.179817	-0.548427	-0.606457	-0.795103	0.004639	-0.794840	0.606082	-0.029896	0.020959	-0.021818	-0.999542	0.000000	0.000000	0.000000	16.990000	0.000000	0.000000	0.000000	0	0.000000	0.000000	0.000000	0.000000	0.000000	0.000000	-3.111692	-0.004639	-2.222401	0.100000	0.000000	0.000000	0.100000	0.000000	0.000000	0.100000	0.000000	0.000000	0.100000	0.000000	0.000000	0.000000	0.000000	0.000000	0.000000	0.000000	0.000000	0.000000	0.000000	0.000000	0.000000	0.000000	0.000000	0.000000	0.000000	0.000000	0.000000	0.000000	0.000000	1.698161	0.000000	0.000000	-385.656128	0.000000	4	4	4	5	5	5	5	13.975058	0	0	0	0	0	0.000000	0.000000	0.000000	0.000000
154.828003	0	0.003870	0.027127	1.015509	-0.000058	0.000317	-0.002491	-0.128409	-0.179954	-0.548722	-0.606422	-0.795129	0.004622	-0.794866	0.606048	-0.029914	0.020984	-0.021815	-0.999542	0.000000	0.000000	0.000000	16.990000	0.000000	0.000000	0.000000	0	0.000000	0.000000	0.000000	0.000000	0.000000	0.000000	-3.111674	-0.004622	-2.222358	0.100000	0.000000	0.000000	0.100000	0.000000	0.000000	0.100000	0.000000	0.000000	0.100000	0.000000	0.000000	0.000000	0.000000	0.000000	0.000000	0.000000	0.000000	0.000000	0.000000	0.000000	0.000000	0.000000	0.000000	0.000000	0.000000	0.000000	0.000000	0.000000	0.000000	1.698160	0.000000	0.000000	-326.293976	0.000000	4	4	4	5	5	5	5	13.975058	0	0	0	0	0	0.000000	0.000000	0.000000	0.000000
154.839005	0	0.003870	0.027127	1.015509	-0.000058	0.000317	-0.002491	-0.128409	-0.179954	-0.548722	-0.606422	-0.795129	0.004622	-0.794866	0.606048	-0.029914	0.020984	-0.021815	-0.999542	0.000000	0.000000	0.000000	16.990000	0.000000	0.000000	0.000000	0	0.000000	0.000000	0.000000	0.000000	0.000000	0.000000	-3.111674	-0.004622	-2.222358	0.100000	0.000000	0.000000	0.100000	0.000000	0.000000	0.100000	0.000000	0.000000	0.100000	0.000000	0.000000	0.000000	0.000000	0.000000	0.000000	0.000000	0.000000	0.000000	0.000000	0.000000	0.000000	0.000000	0.000000	0.000000	0.000000	0.000000	0.000000	0.000000	0.000000	1.698160	0.000000	0.000000	-385.656128	0.000000	4	4	4	5	5	5	5	13.975058	0	0	0	0	0	0.000000	0.000000	0.000000	0.000000
154.852005	0	0.004436	0.031685	0.999293	-0.003124	0.003462	0.000146	-0.128133	-0.179502	-0.548598	-0.606423	-0.795129	0.004606	-0.794865	0.606048	-0.029923	0.021001	-0.021807	-0.999542	0.000000	0.000000	0.000000	16.990000	0.000000	0.000000	0.000000	0	0.000000	0.000000	0.000000	0.000000	0.000000	0.000000	-3.111665	-0.004606	-2.222358	0.100000	0.000000	0.000000	0.100000	0.000000	0.000000	0.100000	0.000000	0.000000	0.100000	0.000000	0.000000	0.000000	0.000000	0.000000	0.000000	0.000000	0.000000	0.000000	0.000000	0.000000	0.000000	0.000000	0.000000	0.000000	0.000000	0.000000	0.000000	0.000000	0.000000	1.698160	0.000000	0.000000	-326.293976	0.000000	4	4	4	5	5	5	5	13.975058	0	0	0	0	0	0.000000	0.000000	0.000000	0.000000
154.862000	0	0.004436	0.031685	0.999293	-0.003124	0.003462	0.000146	-0.128133	-0.179502	-0.548598	-0.606423	-0.795129	0.004606	-0.794865	0.606048	-0.029923	0.021001	-0.021807	-0.999542	0.000000	0.000000	0.000000	16.990000	0.000000	0.000000	0.000000	0	0.000000	0.000000	0.000000	0.000000	0.000000	0.000000	-3.111665	-0.004606	-2.222358	0.100000	0.000000	0.000000	0.100000	0.000000	0.000000	0.100000	0.000000	0.000000	0.100000	0.000000	0.000000	0.000000	0.000000	0.000000	0.000000	0.000000	0.000000	0.000000	0.000000	0.000000	0.000000	0.000000	0.000000	0.000000	0.000000	0.000000	0.000000	0.000000	0.000000	1.698160	0.000000	0.000000	-424.558960	0.000000	4	4	4	5	5	5	5	13.975058	0	0	0	0	0	0.000000	0.000000	0.000000	0.000000
154.873001	0	0.004927	0.030154	1.006604	-0.001439	0.003316	0.000585	-0.127629	-0.180017	-0.549149	-0.606478	-0.795087	0.004630	-0.794822	0.606103	-0.029947	0.021004	-0.021842	-0.999541	0.000000	0.000000	0.000000	16.990000	0.000000	0.000000	0.000000	0	0.000000	0.000000	0.000000	0.000000	0.000000	0.000000	-3.111641	-0.004630	-2.222428	0.100000	0.000000	0.000000	0.100000	0.000000	0.000000	0.100000	0.000000	0.000000	0.100000	0.000000	0.000000	0.000000	0.000000	0.000000	0.000000	0.000000	0.000000	0.000000	0.000000	0.000000	0.000000	0.000000	0.000000	0.000000	0.000000	0.000000	0.000000	0.000000	0.000000	1.698158	0.000000	0.000000	-385.656128	0.000000	4	4	4	5	5	5	5	13.975058	0	0	0	0	0	0.000000	0.000000	0.000000	0.000000
154.886002	0	0.004927	0.030154	1.006604	-0.001439	0.003316	0.000585	-0.127629	-0.180017	-0.549149	-0.606478	-0.795087	0.004630	-0.794822	0.606103	-0.029947	0.021004	-0.021842	-0.999541	0.000000	0.000000	0.000000	16.990000	0.000000	0.000000	0.000000	0	0.000000	0.000000	0.000000	0.000000	0.000000	0.000000	-3.111641	-0.004630	-2.222428	0.100000	0.000000	0.000000	0.100000	0.000000	0.000000	0.100000	0.000000	0.000000	0.100000	0.000000	0.000000	0.000000	0.000000	0.000000	0.000000	0.000000	0.000000	0.000000	0.000000	0.000000	0.000000	0.000000	0.000000	0.000000	0.000000	0.000000	0.000000	0.000000	0.000000	1.698158	0.000000	0.000000	-326.293976	0.000000	4	4	4	5	5	5	5	13.975058	0	0	0	0	0	0.000000	0.000000	0.000000	0.000000
154.897003	0	0.007357	0.031120	1.003596	0.002996	0.001279	0.001127	-0.127664	-0.179946	-0.548908	-0.606486	-0.795081	0.004614	-0.794815	0.606109	-0.030023	0.021074	-0.021876	-0.999539	0.000000	0.000000	0.000000	16.990000	0.000000	0.000000	0.000000	0	0.000000	0.000000	0.000000	0.000000	0.000000	0.000000	-3.111565	-0.004614	-2.222438	0.100000	0.000000	0.000000	0.100000	0.000000	0.000000	0.100000	0.000000	0.000000	0.100000	0.000000	0.000000	0.000000	0.000000	0.000000	0.000000	0.000000	0.000000	0.000000	0.000000	0.000000	0.000000	0.000000	0.000000	0.000000	0.000000	0.000000	0.000000	0.000000	0.000000	1.698154	0.000000	0.000000	-385.656128	0.000000	4	4	4	5	5	5	5	13.975058	0	0	0	0	0	0.000000	0.000000	0.000000	0.000000
154.910004	0	0.007357	0.031120	1.003596	0.002996	0.001279	0.001127	-0.127664	-0.179946	-0.548908	-0.606486	-0.795081	0.004614	-0.794815	0.606109	-0.030023	0.021074	-0.021876	-0.999539	0.000000	0.000000	0.000000	16.990000	0.000000	0.000000	0.000000	0	0.000000	0.000000	0.000000	0.000000	0.000000	0.000000	-3.111565	-0.004614	-2.222438	0.100000	0.000000	0.000000	0.100000	0.000000	0.000000	0.100000	0.000000	0.000000	0.100000	0.000000	0.000000	0.000000	0.000000	0.000000	0.000000	0.000000	0.000000	0.000000	0.000000	0.000000	0.000000	0.000000	0.000000	0.000000	0.000000	0.000000	0.000000	0.000000	0.000000	1.698154	0.000000	0.000000	-326.293976	0.000000	4	4	4	5	5	5	5	13.975058	0	0	0	0	0	0.000000	0.000000	0.000000	0.000000
154.921005	0	0.004997	0.029284	0.999468	0.003018	0.001068	0.000398	-0.127701	-0.179260	-0.548646	-0.606560	-0.795025	0.004549	-0.794756	0.606183	-0.030077	0.021154	-0.021858	-0.999537	0.000000	0.000000	0.000000	16.990000	0.000000	0.000000	0.000000	0	0.000000	0.000000	0.000000	0.000000	0.000000	0.000000	-3.111511	-0.004549	-2.222531	0.100000	0.000000	0.000000	0.100000	0.000000	0.000000	0.100000	0.000000	0.000000	0.100000	0.000000	0.000000	0.000000	0.000000	0.000000	0.000000	0.000000	0.000000	0.000000	0.000000	0.000000	0.000000	0.000000	0.000000	0.000000	0.000000	0.000000	0.000000	0.000000	0.000000	1.698152	0.000000	0.000000	-385.656128	0.000000	4	4	4	5	5	5	5	13.975058	0	0	0	0	0	0.000000	0.000000	0.000000	0.000000
154.931000	0	0.004997	0.029284	0.999468	0.003018	0.001068	0.000398	-0.127701	-0.179260	-0.548646	-0.606560	-0.795025	0.004549	-0.794756	0.606183	-0.030077	0.021154	-0.021858	-0.999537	0.000000	0.000000	0.000000	16.990000	0.000000	0.000000	0.000000	0	0.000000	0.000000	0.000000	0.000000	0.000000	0.000000	-3.111511	-0.004549	-2.222531	0.100000	0.000000	0.000000	0.100000	0.000000	0.000000	0.100000	0.000000	0.000000	0.100000	0.000000	0.000000	0.000000	0.000000	0.000000	0.000000	0.000000	0.000000	0.000000	0.000000	0.000000	0.000000	0.000000	0.000000	0.000000	0.000000	0.000000	0.000000	0.000000	0.000000	1.698152	0.000000	0.000000	-424.558960	0.000000	4	4	4	5	5	5	5	13.975058	0	0	0	0	0	0.000000	0.000000	0.000000	0.000000
154.944000	0	0.004874	0.026962	0.999915	-0.006714	0.004472	0.003457	-0.127985	-0.178996	-0.548606	-0.606607	-0.794988	0.004589	-0.794722	0.606231	-0.030004	0.021071	-0.021848	-0.999539	0.000000	0.000000	0.000000	16.990000	0.000000	0.000000	0.000000	0	0.000000	0.000000	0.000000	0.000000	0.000000	0.000000	-3.111583	-0.004589	-2.222591	0.100000	0.000000	0.000000	0.100000	0.000000	0.000000	0.100000	0.000000	0.000000	0.100000	0.000000	0.000000	0.000000	0.000000	0.000000	0.000000	0.000000	0.000000	0.000000	0.000000	0.000000	0.000000	0.000000	0.000000	0.000000	0.000000	0.000000	0.000000	0.000000	0.000000	1.698156	0.000000	0.000000	-326.293976	0.000000	4	4	4	5	5	5	5	13.975058	0	0	0	0	0	0.000000	0.000000	0.000000	0.000000
154.955002	0	0.004874	0.026962	0.999915	-0.006714	0.004472	0.003457	-0.127985	-0.178996	-0.548606	-0.606607	-0.794988	0.004589	-0.794722	0.606231	-0.030004	0.021071	-0.021848	-0.999539	0.000000	0.000000	0.000000	16.990000	0.000000	0.000000	0.000000	0	0.000000	0.000000	0.000000	0.000000	0.000000	0.000000	-3.111583	-0.004589	-2.222591	0.100000	0.000000	0.000000	0.100000	0.000000	0.000000	0.100000	0.000000	0.000000	0.100000	0.000000	0.000000	0.000000	0.000000	0.000000	0.000000	0.000000	0.000000	0.000000	0.000000	0.000000	0.000000	0.000000	0.000000	0.000000	0.000000	0.000000	0.000000	0.000000	0.000000	1.698156	0.000000	0.000000	-385.656128	0.000000	4	4	4	5	5	5	5	13.975058	0	0	0	0	0	0.000000	0.000000	0.000000	0.000000
154.968002	0	0.002854	0.025684	1.004305	0.004291	-0.000304	-0.004850	-0.128523	-0.179649	-0.548266	-0.606564	-0.795022	0.004520	-0.794753	0.606189	-0.030043	0.021144	-0.021815	-0.999538	0.000000	0.000000	0.000000	16.990000	0.000000	0.000000	0.000000	0	0.000000	0.000000	0.000000	0.000000	0.000000	0.000000	-3.111545	-0.004520	-2.222536	0.100000	0.000000	0.000000	0.100000	0.000000	0.000000	0.100000	0.000000	0.000000	0.100000	0.000000	0.000000	0.000000	0.000000	0.000000	0.000000	0.000000	0.000000	0.000000	0.000000	0.000000	0.000000	0.000000	0.000000	0.000000	0.000000	0.000000	0.000000	0.000000	0.000000	1.698154	0.000000	0.000000	-326.293976	0.000000	4	4	4	5	5	5	5	13.975058	0	0	0	0	0	0.000000	0.000000	0.000000	0.000000
154.979004	0	0.002854	0.025684	1.004305	0.004291	-0.000304	-0.004850	-0.128523	-0.179649	-0.548266	-0.606564	-0.795022	0.004520	-0.794753	0.606189	-0.030043	0.021144	-0.021815	-0.999538	0.000000	0.000000	0.000000	16.990000	0.000000	0.000000	0.000000	0	0.000000	0.000000	0.000000	0.000000	0.000000	0.000000	-3.111545	-0.004520	-2.222536	0.100000	0.000000	0.000000	0.100000	0.000000	0.000000	0.100000	0.000000	0.000000	0.100000	0.000000	0.000000	0.000000	0.000000	0.000000	0.000000	0.000000	0.000000	0.000000	0.000000	0.000000	0.000000	0.000000	0.000000	0.000000	0.000000	0.000000	0.000000	0.000000	0.000000	1.698154	0.000000	0.000000	-385.656128	0.000000	4	4	4	5	5	5	5	13.975058	0	0	0	0	0	0.000000	0.000000	0.000000	0.000000
154.990997	0	0.006542	0.029023	1.002643	-0.005829	0.002394	-0.000012	-0.128361	-0.179761	-0.548491	-0.606620	-0.794979	0.004517	-0.794713	0.606246	-0.029962	0.021080	-0.021765	-0.999541	0.000000	0.000000	0.000000	16.990000	0.000000	0.000000	0.000000	0	0.000000	0.000000	0.000000	0.000000	0.000000	0.000000	-3.111626	-0.004517	-2.222606	0.100000	0.000000	0.000000	0.100000	0.000000	0.000000	0.100000	0.000000	0.000000	0.100000	0.000000	0.000000	0.000000	0.000000	0.000000	0.000000	0.000000	0.000000	0.000000	0.000000	0.000000	0.000000	0.000000	0.000000	0.000000	0.000000	0.000000	0.000000	0.000000	0.000000	1.698159	0.000000	0.000000	-353.728333	0.000000	4	4	4	5	5	5	5	13.975058	0	0	0	0	0	0.000000	0.000000	0.000000	0.000000
155.001999	0	0.006542	0.029023	1.002643	-0.005829	0.002394	-0.000012	-0.128361	-0.179761	-0.548491	-0.606620	-0.794979	0.004517	-0.794713	0.606246	-0.029962	0.021080	-0.021765	-0.999541	0.000000	0.000000	0.000000	16.990000	0.000000	0.000000	0.000000	0	0.000000	0.000000	0.000000	0.000000	0.000000	0.000000	-3.111626	-0.004517	-2.222606	0.100000	0.000000	0.000000	0.100000	0.000000	0.000000	0.100000	0.000000	0.000000	0.100000	0.000000	0.000000	0.000000	0.000000	0.000000	0.000000	0.000000	0.000000	0.000000	0.000000	0.000000	0.000000	0.000000	0.000000	0.000000	0.000000	0.000000	0.000000	0.000000	0.000000	1.698159	0.000000	0.000000	-385.656128	0.000000	4	4	4	5	5	5	5	13.975058	0	0	0	0	0	0.000000	0.000000	0.000000	0.000000
155.013000	0	0.009076	0.028056	0.998502	0.002906	0.000315	-0.002608	-0.127699	-0.179487	-0.548224	-0.606553	-0.795031	0.004438	-0.794763	0.606181	-0.029948	0.021119	-0.021693	-0.999542	0.000000	0.000000	0.000000	16.990000	0.000000	0.000000	0.000000	0	0.000000	0.000000	0.000000	0.000000	0.000000	0.000000	-3.111640	-0.004438	-2.222521	0.100000	0.000000	0.000000	0.100000	0.000000	0.000000	0.100000	0.000000	0.000000	0.100000	0.000000	0.000000	0.000000	0.000000	0.000000	0.000000	0.000000	0.000000	0.000000	0.000000	0.000000	0.000000	0.000000	0.000000	0.000000	0.000000	0.000000	0.000000	0.000000	0.000000	1.698160	0.000000	0.000000	-385.656128	0.000000	4	4	4	5	5	5	5	13.975058	0	0	0	0	0	0.000000	0.000000	0.000000	0.000000
155.026001	0	0.009076	0.028056	0.998502	0.002906	0.000315	-0.002608	-0.127699	-0.179487	-0.548224	-0.606553	-0.795031	0.004438	-0.794763	0.606181	-0.029948	0.021119	-0.021693	-0.999542	0.000000	0.000000	0.000000	16.990000	0.000000	0.000000	0.000000	0	0.000000	0.000000	0.000000	0.000000	0.000000	0.000000	-3.111640	-0.004438	-2.222521	0.100000	0.000000	0.000000	0.100000	0.000000	0.000000	0.100000	0.000000	0.000000	0.100000	0.000000	0.000000	0.000000	0.000000	0.000000	0.000000	0.000000	0.000000	0.000000	0.000000	0.000000	0.000000	0.000000	0.000000	0.000000	0.000000	0.000000	0.000000	0.000000	0.000000	1.698160	0.000000	0.000000	-326.293976	0.000000	4	4	4	5	5	5	5	13.975058	0	0	0	0	0	0.000000	0.000000	0.000000	0.000000
155.037003	0	0.005481	0.029392	0.997424	0.005067	-0.003286	-0.001022	-0.127921	-0.179696	-0.549121	-0.606504	-0.795069	0.004321	-0.794797	0.606134	-0.029984	0.021220	-0.021619	-0.999541	0.000000	0.000000	0.000000	16.990000	0.000000	0.000000	0.000000	0	0.000000	0.000000	0.000000	0.000000	0.000000	0.000000	-3.111604	-0.004321	-2.222460	0.100000	0.000000	0.000000	0.100000	0.000000	0.000000	0.100000	0.000000	0.000000	0.100000	0.000000	0.000000	0.000000	0.000000	0.000000	0.000000	0.000000	0.000000	0.000000	0.000000	0.000000	0.000000	0.000000	0.000000	0.000000	0.000000	0.000000	0.000000	0.000000	0.000000	1.698160	0.000000	0.000000	-385.656128	0.000000	4	4	4	5	5	5	5	13.975058	0	0	0	0	0	0.000000	0.000000	0.000000	0.000000
155.048996	0	0.005481	0.029392	0.997424	0.005067	-0.003286	-0.001022	-0.127921	-0.179696	-0.549121	-0.606504	-0.795069	0.004321	-0.794797	0.606134	-0.029984	0.021220	-0.021619	-0.999541	0.000000	0.000000	0.000000	16.990000	0.000000	0.000000	0.000000	0	0.000000	0.000000	0.000000	0.000000	0.000000	0.000000	-3.111604	-0.004321	-2.222460	0.100000	0.000000	0.000000	0.100000	0.000000	0.000000	0.100000	0.000000	0.000000	0.100000	0.000000	0.000000	0.000000	0.000000	0.000000	0.000000	0.000000	0.000000	0.000000	0.000000	0.000000	0.000000	0.000000	0.000000	0.000000	0.000000	0.000000	0.000000	0.000000	0.000000	1.698160	0.000000	0.000000	-353.728333	0.000000	4	4	4	5	5	5	5	13.975058	0	0	0	0	0	0.000000	0.000000	0.000000	0.000000
155.059998	0	0.003467	0.027792	1.005539	0.000120	0.006433	0.002238	-0.127169	-0.178875	-0.548212	-0.606552	-0.795032	0.004393	-0.794762	0.606181	-0.029956	0.021153	-0.021661	-0.999542	0.000000	0.000000	0.000000	16.990000	0.000000	0.000000	0.000000	0	0.000000	0.000000	0.000000	0.000000	0.000000	0.000000	-3.111632	-0.004393	-2.222520	0.100000	0.000000	0.000000	0.100000	0.000000	0.000000	0.100000	0.000000	0.000000	0.100000	0.000000	0.000000	0.000000	0.000000	0.000000	0.000000	0.000000	0.000000	0.000000	0.000000	0.000000	0.000000	0.000000	0.000000	0.000000	0.000000	0.000000	0.000000	0.000000	0.000000	1.698160	0.000000	0.000000	-385.656128	0.000000	4	4	4	5	5	5	5	13.975058	0	0	0	0	0	0.000000	0.000000	0.000000	0.000000
155.070999	0	0.003467	0.027792	1.005539	0.000120	0.006433	0.002238	-0.127169	-0.178875	-0.548212	-0.606552	-0.795032	0.004393	-0.794762	0.606181	-0.029956	0.021153	-0.021661	-0.999542	0.000000	0.000000	0.000000	16.990000	0.000000	0.000000	0.000000	0	0.000000	0.000000	0.000000	0.000000	0.000000	0.000000	-3.111632	-0.004393	-2.222520	0.100000	0.000000	0.000000	0.100000	0.000000	0.000000	0.100000	0.000000	0.000000	0.100000	0.000000	0.000000	0.000000	0.000000	0.000000	0.000000	0.000000	0.000000	0.000000	0.000000	0.000000	0.000000	0.000000	0.000000	0.000000	0.000000	0.000000	0.000000	0.000000	0.000000	1.698160	0.000000	0.000000	-385.656128	0.000000	4	4	4	5	5	5	5	13.975058	0	0	0	0	0	0.000000	0.000000	0.000000	0.000000
155.084000	0	0.007156	0.028844	0.999183	0.003238	0.000342	-0.006523	-0.128240	-0.179915	-0.548886	-0.606441	-0.795117	0.004345	-0.794847	0.606071	-0.029936	0.021170	-0.021608	-0.999542	0.000000	0.000000	0.000000	16.990000	0.000000	0.000000	0.000000	0	0.000000	0.000000	0.000000	0.000000	0.000000	0.000000	-3.111651	-0.004345	-2.222380	0.100000	0.000000	0.000000	0.100000	0.000000	0.000000	0.100000	0.000000	0.000000	0.100000	0.000000	0.000000	0.000000	0.000000	0.000000	0.000000	0.000000	0.000000	0.000000	0.000000	0.000000	0.000000	0.000000	0.000000	0.000000	0.000000	0.000000	0.000000	0.000000	0.000000	1.698162	0.000000	0.000000	-326.293976	0.000000	4	4	4	5	5	5	5	13.975058	0	0	0	0	0	0.000000	0.000000	0.000000	0.000000
155.095001	0	0.007156	0.028844	0.999183	0.003238	0.000342	-0.006523	-0.128240	-0.179915	-0.548886	-0.606441	-0.795117	0.004345	-0.794847	0.606071	-0.029936	0.021170	-0.021608	-0.999542	0.000000	0.000000	0.000000	16.990000	0.000000	0.000000	0.000000	0	0.000000	0.000000	0.000000	0.000000	0.000000	0.000000	-3.111651	-0.004345	-2.222380	0.100000	0.000000	0.000000	0.100000	0.000000	0.000000	0.100000	0.000000	0.000000	0.100000	0.000000	0.000000	0.000000	0.000000	0.000000	0.000000	0.000000	0.000000	0.000000	0.000000	0.000000	0.000000	0.000000	0.000000	0.000000	0.000000	0.000000	0.000000	0.000000	0.000000	1.698162	0.000000	0.000000	-385.656128	0.000000	4	4	4	5	5	5	5	13.975058	0	0	0	0	0	0.000000	0.000000	0.000000	0.000000
155.106995	0	0.006503	0.029458	1.000539	-0.002414	0.000803	-0.001518	-0.127767	-0.179815	-0.549147	-0.606390	-0.795156	0.004305	-0.794885	0.606022	-0.029927	0.021188	-0.021569	-0.999543	0.000000	0.000000	0.000000	16.990000	0.000000	0.000000	0.000000	0	0.000000	0.000000	0.000000	0.000000	0.000000	0.000000	-3.111661	-0.004305	-2.222316	0.100000	0.000000	0.000000	0.100000	0.000000	0.000000	0.100000	0.000000	0.000000	0.100000	0.000000	0.000000	0.000000	0.000000	0.000000	0.000000	0.000000	0.000000	0.000000	0.000000	0.000000	0.000000	0.000000	0.000000	0.000000	0.000000	0.000000	0.000000	0.000000	0.000000	1.698163	0.000000	0.000000	-353.728333	0.000000	4	4	4	5	5	5	5	13.975058	0	0	0	0	0	0.000000	0.000000	0.000000	0.000000
155.117996	0	0.006503	0.029458	1.000539	-0.002414	0.000803	-0.001518	-0.127767	-0.179815	-0.549147	-0.606390	-0.795156	0.004305	-0.794885	0.606022	-0.029927	0.021188	-0.021569	-0.999543	0.000000	0.000000	0.000000	16.990000	0.000000	0.000000	0.000000	0	0.000000	0.000000	0.000000	0.000000	0.000000	0.000000	-3.111661	-0.004305	-2.222316	0.100000	0.000000	0.000000	0.100000	0.000000	0.000000	0.100000	0.000000	0.000000	0.100000	0.000000	0.000000	0.000000	0.000000	0.000000	0.000000	0.000000	0.000000	0.000000	0.000000	0.000000	0.000000	0.000000	0.000000	0.000000	0.000000	0.000000	0.000000	0.000000	0.000000	1.698163	0.000000	0.000000	-385.656128	0.000000	4	4	4	5	5	5	5	13.975058	0	0	0	0	0	0.000000	0.000000	0.000000	0.000000
155.128998	0	0.004575	0.030609	0.998017	0.001127	0.001396	-0.001716	-0.127957	-0.179614	-0.548239	-0.606422	-0.795132	0.004254	-0.794859	0.606054	-0.029979	0.021259	-0.021561	-0.999541	0.000000	0.000000	0.000000	16.990000	0.000000	0.000000	0.000000	0	0.000000	0.000000	0.000000	0.000000	0.000000	0.000000	-3.111609	-0.004254	-2.222357	0.100000	0.000000	0.000000	0.100000	0.000000	0.000000	0.100000	0.000000	0.000000	0.100000	0.000000	0.000000	0.000000	0.000000	0.000000	0.000000	0.000000	0.000000	0.000000	0.000000	0.000000	0.000000	0.000000	0.000000	0.000000	0.000000	0.000000	0.000000	0.000000	0.000000	1.698160	0.000000	0.000000	-385.656128	0.000000	4	4	4	5	5	5	5	13.975058	0	0	0	0	0	0.000000	0.000000	0.000000	0.000000
155.141998	0	0.004575	0.030609	0.998017	0.001127	0.001396	-0.001716	-0.127957	-0.179614	-0.548239	-0.606422	-0.795132	0.004254	-0.794859	0.606054	-0.029979	0.021259	-0.021561	-0.999541	0.000000	0.000000	0.000000	16.990000	0.000000	0.000000	0.000000	0	0.000000	0.000000	0.000000	0.000000	0.000000	0.000000	-3.111609	-0.004254	-2.222357	0.100000	0.000000	0.000000	0.100000	0.000000	0.000000	0.100000	0.000000	0.000000	0.100000	0.000000	0.000000	0.000000	0.000000	0.000000	0.000000	0.000000	0.000000	0.000000	0.000000	0.000000	0.000000	0.000000	0.000000	0.000000	0.000000	0.000000	0.000000	0.000000	0.000000	1.698160	0.000000	0.000000	-326.293976	0.000000	4	4	4	5	5	5	5	13.975058	0	0	0	0	0	0.000000	0.000000	0.000000	0.000000
155.153000	0	0.007357	0.031657	1.003812	-0.005169	0.005229	-0.001801	-0.127844	-0.179093	-0.547657	-0.606404	-0.795146	0.004260	-0.794874	0.606037	-0.029900	0.021193	-0.021518	-0.999544	0.000000	0.000000	0.000000	16.990000	0.000000	0.000000	0.000000	0	0.000000	0.000000	0.000000	0.000000	0.000000	0.000000	-3.111688	-0.004260	-2.222333	0.100000	0.000000	0.000000	0.100000	0.000000	0.000000	0.100000	0.000000	0.000000	0.100000	0.000000	0.000000	0.000000	0.000000	0.000000	0.000000	0.000000	0.000000	0.000000	0.000000	0.000000	0.000000	0.000000	0.000000	0.000000	0.000000	0.000000	0.000000	0.000000	0.000000	1.698164	0.000000	0.000000	-385.656128	0.000000	4	4	4	5	5	5	5	13.975058	0	0	0	0	0	0.000000	0.000000	0.000000	0.000000
155.164993	0	0.007357	0.031657	1.003812	-0.005169	0.005229	-0.001801	-0.127844	-0.179093	-0.547657	-0.606404	-0.795146	0.004260	-0.794874	0.606037	-0.029900	0.021193	-0.021518	-0.999544	0.000000	0.000000	0.000000	16.990000	0.000000	0.000000	0.000000	0	0.000000	0.000000	0.000000	0.000000	0.000000	0.000000	-3.111688	-0.004260	-2.222333	0.100000	0.000000	0.000000	0.100000	0.000000	0.000000	0.100000	0.000000	0.000000	0.100000	0.000000	0.000000	0.000000	0.000000	0.000000	0.000000	0.000000	0.000000	0.000000	0.000000	0.000000	0.000000	0.000000	0.000000	0.000000	0.000000	0.000000	0.000000	0.000000	0.000000	1.698164	0.000000	0.000000	-353.728333	0.000000	4	4	4	5	5	5	5	13.975058	0	0	0	0	0	0.000000	0.000000	0.000000	0.000000
155.175995	0	0.007641	0.030072	1.002996	0.000123	0.003560	-0.001921	-0.128076	-0.179597	-0.546887	-0.606393	-0.795154	0.004236	-0.794882	0.606026	-0.029901	0.021209	-0.021499	-0.999544	0.000000	0.000000	0.000000	16.990000	0.000000	0.000000	0.000000	0	0.000000	0.000000	0.000000	0.000000	0.000000	0.000000	-3.111687	-0.004236	-2.222320	0.100000	0.000000	0.000000	0.100000	0.000000	0.000000	0.100000	0.000000	0.000000	0.100000	0.000000	0.000000	0.000000	0.000000	0.000000	0.000000	0.000000	0.000000	0.000000	0.000000	0.000000	0.000000	0.000000	0.000000	0.000000	0.000000	0.000000	0.000000	0.000000	0.000000	1.698165	0.000000	0.000000	-385.656128	0.000000	4	4	4	5	5	5	5	13.975058	0	0	0	0	0	0.000000	0.000000	0.000000	0.000000
155.188995	0	0.007641	0.030072	1.002996	0.000123	0.003560	-0.001921	-0.128076	-0.179597	-0.546887	-0.606393	-0.795154	0.004236	-0.794882	0.606026	-0.029901	0.021209	-0.021499	-0.999544	0.000000	0.000000	0.000000	16.990000	0.000000	0.000000	0.000000	0	0.000000	0.000000	0.000000	0.000000	0.000000	0.000000	-3.111687	-0.004236	-2.222320	0.100000	0.000000	0.000000	0.100000	0.000000	0.000000	0.100000	0.000000	0.000000	0.100000	0.000000	0.000000	0.000000	0.000000	0.000000	0.000000	0.000000	0.000000	0.000000	0.000000	0.000000	0.000000	0.000000	0.000000	0.000000	0.000000	0.000000	0.000000	0.000000	0.000000	1.698165	0.000000	0.000000	-326.293976	0.000000	4	4	4	5	5	5	5	13.975058	0	0	0	0	0	0.000000	0.000000	0.000000	0.000000
155.199997	0	0.004431	0.028201	0.993816	-0.001112	0.000329	-0.000224	-0.128545	-0.179349	-0.547768	-0.606325	-0.795206	0.004221	-0.794934	0.605958	-0.029916	0.021232	-0.021495	-0.999544	0.000000	0.000000	0.000000	16.990000	0.000000	0.000000	0.000000	0	0.000000	0.000000	0.000000	0.000000	0.000000	0.000000	-3.111672	-0.004221	-2.222234	0.100000	0.000000	0.000000	0.100000	0.000000	0.000000	0.100000	0.000000	0.000000	0.100000	0.000000	0.000000	0.000000	0.000000	0.000000	0.000000	0.000000	0.000000	0.000000	0.000000	0.000000	0.000000	0.000000	0.000000	0.000000	0.000000	0.000000	0.000000	0.000000	0.000000	1.698164	0.000000	0.000000	-385.656128	0.000000	4	4	4	5	5	5	5	13.975058	0	0	0	0	0	0.000000	0.000000	0.000000	0.000000
155.210999	0	0.004431	0.028201	0.993816	-0.001112	0.000329	-0.000224	-0.128545	-0.179349	-0.547768	-0.606325	-0.795206	0.004221	-0.794934	0.605958	-0.029916	0.021232	-0.021495	-0.999544	0.000000	0.000000	0.000000	16.990000	0.000000	0.000000	0.000000	0	0.000000	0.000000	0.000000	0.000000	0.000000	0.000000	-3.111672	-0.004221	-2.222234	0.100000	0.000000	0.000000	0.100000	0.000000	0.000000	0.100000	0.000000	0.000000	0.100000	0.000000	0.000000	0.000000	0.000000	0.000000	0.000000	0.000000	0.000000	0.000000	0.000000	0.000000	0.000000	0.000000	0.000000	0.000000	0.000000	0.000000	0.000000	0.000000	0.000000	1.698164	0.000000	0.000000	-385.656128	0.000000	4	4	4	5	5	5	5	13.975058	0	0	0	0	0	0.000000	0.000000	0.000000	0.000000
155.223999	0	0.003003	0.028751	1.002897	-0.001308	0.005088	-0.003986	-0.128468	-0.179216	-0.547772	-0.606320	-0.795209	0.004272	-0.794939	0.605954	-0.029854	0.021151	-0.021497	-0.999545	0.000000	0.000000	0.000000	16.990000	0.000000	0.000000	0.000000	0	0.000000	0.000000	0.000000	0.000000	0.000000	0.000000	-3.111734	-0.004272	-2.222228	0.100000	0.000000	0.000000	0.100000	0.000000	0.000000	0.100000	0.000000	0.000000	0.100000	0.000000	0.000000	0.000000	0.000000	0.000000	0.000000	0.000000	0.000000	0.000000	0.000000	0.000000	0.000000	0.000000	0.000000	0.000000	0.000000	0.000000	0.000000	0.000000	0.000000	1.698167	0.000000	0.000000	-326.293976	0.000000	4	4	4	5	5	5	5	13.975058	0	0	0	0	0	0.000000	0.000000	0.000000	0.000000
155.235001	0	0.003003	0.028751	1.002897	-0.001308	0.005088	-0.003986	-0.128468	-0.179216	-0.547772	-0.606320	-0.795209	0.004272	-0.794939	0.605954	-0.029854	0.021151	-0.021497	-0.999545	0.000000	0.000000	0.000000	16.990000	0.000000	0.000000	0.000000	0	0.000000	0.000000	0.000000	0.000000	0.000000	0.000000	-3.111734	-0.004272	-2.222228	0.100000	0.000000	0.000000	0.100000	0.000000	0.000000	0.100000	0.000000	0.000000	0.100000	0.000000	0.000000	0.000000	0.000000	0.000000	0.000000	0.000000	0.000000	0.000000	0.000000	0.000000	0.000000	0.000000	0.000000	0.000000	0.000000	0.000000	0.000000	0.000000	0.000000	1.698167	0.000000	0.000000	-385.656128	0.000000	4	4	4	5	5	5	5	13.975058	0	0	0	0	0	0.000000	0.000000	0.000000	0.000000
155.248001	0	0.007854	0.029314	1.004772	-0.001027	0.001595	0.000059	-0.128252	-0.179382	-0.547722	-0.606292	-0.795231	0.004235	-0.794961	0.605927	-0.029825	0.021152	-0.021449	-0.999546	0.000000	0.000000	0.000000	16.990000	0.000000	0.000000	0.000000	0	0.000000	0.000000	0.000000	0.000000	0.000000	0.000000	-3.111763	-0.004235	-2.222193	0.100000	0.000000	0.000000	0.100000	0.000000	0.000000	0.100000	0.000000	0.000000	0.100000	0.000000	0.000000	0.000000	0.000000	0.000000	0.000000	0.000000	0.000000	0.000000	0.000000	0.000000	0.000000	0.000000	0.000000	0.000000	0.000000	0.000000	0.000000	0.000000	0.000000	1.698169	0.000000	0.000000	-326.293976	0.000000	4	4	4	5	5	5	5	13.975058	0	0	0	0	0	0.000000	0.000000	0.000000	0.000000
155.259003	0	0.007854	0.029314	1.004772	-0.001027	0.001595	0.000059	-0.128252	-0.179382	-0.547722	-0.606292	-0.795231	0.004235	-0.794961	0.605927	-0.029825	0.021152	-0.021449	-0.999546	0.000000	0.000000	0.000000	16.990000	0.000000	0.000000	0.000000	0	0.000000	0.000000	0.000000	0.000000	0.000000	0.000000	-3.111763	-0.004235	-2.222193	0.100000	0.000000	0.000000	0.100000	0.000000	0.000000	0.100000	0.000000	0.000000	0.100000	0.000000	0.000000	0.000000	0.000000	0.000000	0.000000	0.000000	0.000000	0.000000	0.000000	0.000000	0.000000	0.000000	0.000000	0.000000	0.000000	0.000000	0.000000	0.000000	0.000000	1.698169	0.000000	0.000000	-385.656128	0.000000	4	4	4	5	5	5	5	13.975058	0	0	0	0	0	0.000000	0.000000	0.000000	0.000000
155.270004	0	0.008155	0.032314	1.003096	-0.001911	0.001250	0.000141	-0.128191	-0.179788	-0.547465	-0.606310	-0.795217	0.004168	-0.794947	0.605948	-0.029775	0.021153	-0.021366	-0.999548	0.000000	0.000000	0.000000	16.990000	0.000000	0.000000	0.000000	0	0.000000	0.000000	0.000000	0.000000	0.000000	0.000000	-3.111813	-0.004168	-2.222215	0.100000	0.000000	0.000000	0.100000	0.000000	0.000000	0.100000	0.000000	0.000000	0.100000	0.000000	0.000000	0.000000	0.000000	0.000000	0.000000	0.000000	0.000000	0.000000	0.000000	0.000000	0.000000	0.000000	0.000000	0.000000	0.000000	0.000000	0.000000	0.000000	0.000000	1.698172	0.000000	0.000000	-385.656128	0.000000	4	4	4	5	5	5	5	13.975058	0	0	0	0	0	0.000000	0.000000	0.000000	0.000000
155.281998	0	0.008155	0.032314	1.003096	-0.001911	0.001250	0.000141	-0.128191	-0.179788	-0.547465	-0.606310	-0.795217	0.004168	-0.794947	0.605948	-0.029775	0.021153	-0.021366	-0.999548	0.000000	0.000000	0.000000	16.990000	0.000000	0.000000	0.000000	0	0.000000	0.000000	0.000000	0.000000	0.000000	0.000000	-3.111813	-0.004168	-2.222215	0.100000	0.000000	0.000000	0.100000	0.000000	0.000000	0.100000	0.000000	0.000000	0.100000	0.000000	0.000000	0.000000	0.000000	0.000000	0.000000	0.000000	0.000000	0.000000	0.000000	0.000000	0.000000	0.000000	0.000000	0.000000	0.000000	0.000000	0.000000	0.000000	0.000000	1.698172	0.000000	0.000000	-353.728333	0.000000	4	4	4	5	5	5	5	13.975058	0	0	0	0	0	0.000000	0.000000	0.000000	0.000000
155.292999	0	0.004133	0.028124	0.995374	-0.000143	-0.000071	-0.000592	-0.128208	-0.180101	-0.547844	-0.606300	-0.795226	0.004105	-0.794955	0.605939	-0.029754	0.021174	-0.021303	-0.999549	0.000000	0.000000	0.000000	16.990000	0.000000	0.000000	0.000000	0	0.000000	0.000000	0.000000	0.000000	0.000000	0.000000	-3.111834	-0.004105	-2.222202	0.100000	0.000000	0.000000	0.100000	0.000000	0.000000	0.100000	0.000000	0.000000	0.100000	0.000000	0.000000	0.000000	0.000000	0.000000	0.000000	0.000000	0.000000	0.000000	0.000000	0.000000	0.000000	0.000000	0.000000	0.000000	0.000000	0.000000	0.000000	0.000000	0.000000	1.698174	0.000000	0.000000	-385.656128	0.000000	4	4	4	5	5	5	5	13.975058	0	0	0	0	0	0.000000	0.000000	0.000000	0.000000
155.306000	0	0.004133	0.028124	0.995374	-0.000143	-0.000071	-0.000592	-0.128208	-0.180101	-0.547844	-0.606300	-0.795226	0.004105	-0.794955	0.605939	-0.029754	0.021174	-0.021303	-0.999549	0.000000	0.000000	0.000000	16.990000	0.000000	0.000000	0.000000	0	0.000000	0.000000	0.000000	0.000000	0.000000	0.000000	-3.111834	-0.004105	-2.222202	0.100000	0.000000	0.000000	0.100000	0.000000	0.000000	0.100000	0.000000	0.000000	0.100000	0.000000	0.000000	0.000000	0.000000	0.000000	0.000000	0.000000	0.000000	0.000000	0.000000	0.000000	0.000000	0.000000	0.000000	0.000000	0.000000	0.000000	0.000000	0.000000	0.000000	1.698174	0.000000	0.000000	-326.293976	0.000000	4	4	4	5	5	5	5	13.975058	0	0	0	0	0	0.000000	0.000000	0.000000	0.000000
155.317001	0	0.004599	0.027294	0.997309	-0.001003	0.007217	-0.003367	-0.127990	-0.179102	-0.547703	-0.606284	-0.795237	0.004170	-0.794967	0.605922	-0.029756	0.021136	-0.021355	-0.999548	0.000000	0.000000	0.000000	16.990000	0.000000	0.000000	0.000000	0	0.000000	0.000000	0.000000	0.000000	0.000000	0.000000	-3.111833	-0.004170	-2.222183	0.100000	0.000000	0.000000	0.100000	0.000000	0.000000	0.100000	0.000000	0.000000	0.100000	0.000000	0.000000	0.000000	0.000000	0.000000	0.000000	0.000000	0.000000	0.000000	0.000000	0.000000	0.000000	0.000000	0.000000	0.000000	0.000000	0.000000	0.000000	0.000000	0.000000	1.698173	0.000000	0.000000	-385.656128	0.000000	4	4	4	5	5	5	5	13.975058	0	0	0	0	0	0.000000	0.000000	0.000000	0.000000
155.328003	0	0.004599	0.027294	0.997309	-0.001003	0.007217	-0.003367	-0.127990	-0.179102	-0.547703	-0.606284	-0.795237	0.004170	-0.794967	0.605922	-0.029756	0.021136	-0.021355	-0.999548	0.000000	0.000000	0.000000	16.990000	0.000000	0.000000	0.000000	0	0.000000	0.000000	0.000000	0.000000	0.000000	0.000000	-3.111833	-0.004170	-2.222183	0.100000	0.000000	0.000000	0.100000	0.000000	0.000000	0.100000	0.000000	0.000000	0.100000	0.000000	0.000000	0.000000	0.000000	0.000000	0.000000	0.000000	0.000000	0.000000	0.000000	0.000000	0.000000	0.000000	0.000000	0.000000	0.000000	0.000000	0.000000	0.000000	0.000000	1.698173	0.000000	0.000000	-385.656128	0.000000	4	4	4	5	5	5	5	13.975058	0	0	0	0	0	0.000000	0.000000	0.000000	0.000000
155.341003	0	0.007205	0.027309	1.007461	0.003613	0.008764	-0.001330	-0.127392	-0.179221	-0.547359	-0.606214	-0.795290	0.004233	-0.795021	0.605850	-0.029789	0.021126	-0.021424	-0.999547	0.000000	0.000000	0.000000	16.990000	0.000000	0.000000	0.000000	0	0.000000	0.000000	0.000000	0.000000	0.000000	0.000000	-3.111799	-0.004233	-2.222095	0.100000	0.000000	0.000000	0.100000	0.000000	0.000000	0.100000	0.000000	0.000000	0.100000	0.000000	0.000000	0.000000	0.000000	0.000000	0.000000	0.000000	0.000000	0.000000	0.000000	0.000000	0.000000	0.000000	0.000000	0.000000	0.000000	0.000000	0.000000	0.000000	0.000000	1.698171	0.000000	0.000000	-326.293976	0.000000	4	4	4	5	5	5	5	13.975058	0	0	0	0	0	0.000000	0.000000	0.000000	0.000000
155.352005	0	0.007205	0.027309	1.007461	0.003613	0.008764	-0.001330	-0.127392	-0.179221	-0.547359	-0.606214	-0.795290	0.004233	-0.795021	0.605850	-0.029789	0.021126	-0.021424	-0.999547	0.000000	0.000000	0.000000	16.990000	0.000000	0.000000	0.000000	0	0.000000	0.000000	0.000000	0.000000	0.000000	0.000000	-3.111799	-0.004233	-2.222095	0.100000	0.000000	0.000000	0.100000	0.000000	0.000000	0.100000	0.000000	0.000000	0.100000	0.000000	0.000000	0.000000	0.000000	0.000000	0.000000	0.000000	0.000000	0.000000	0.000000	0.000000	0.000000	0.000000	0.000000	0.000000	0.000000	0.000000	0.000000	0.000000	0.000000	1.698171	0.000000	0.000000	-385.656128	0.000000	4	4	4	5	5	5	5	13.975058	0	0	0	0	0	0.000000	0.000000	0.000000	0.000000
155.363998	0	0.006616	0.028182	1.004768	0.000584	0.002298	-0.001673	-0.127553	-0.179728	-0.548060	-0.606168	-0.795326	0.004191	-0.795058	0.605807	-0.029656	0.021048	-0.021308	-0.999551	0.000000	0.000000	0.000000	16.990000	0.000000	0.000000	0.000000	0	0.000000	0.000000	0.000000	0.000000	0.000000	0.000000	-3.111932	-0.004191	-2.222036	0.100000	0.000000	0.000000	0.100000	0.000000	0.000000	0.100000	0.000000	0.000000	0.100000	0.000000	0.000000	0.000000	0.000000	0.000000	0.000000	0.000000	0.000000	0.000000	0.000000	0.000000	0.000000	0.000000	0.000000	0.000000	0.000000	0.000000	0.000000	0.000000	0.000000	1.698178	0.000000	0.000000	-353.728333	0.000000	4	4	4	5	5	5	5	13.975058	0	0	0	0	0	0.000000	0.000000	0.000000	0.000000
155.375000	0	0.006616	0.028182	1.004768	0.000584	0.002298	-0.001673	-0.127553	-0.179728	-0.548060	-0.606168	-0.795326	0.004191	-0.795058	0.605807	-0.029656	0.021048	-0.021308	-0.999551	0.000000	0.000000	0.000000	16.990000	0.000000	0.000000	0.000000	0	0.000000	0.000000	0.000000	0.000000	0.000000	0.000000	-3.111932	-0.004191	-2.222036	0.100000	0.000000	0.000000	0.100000	0.000000	0.000000	0.100000	0.000000	0.000000	0.100000	0.000000	0.000000	0.000000	0.000000	0.000000	0.000000	0.000000	0.000000	0.000000	0.000000	0.000000	0.000000	0.000000	0.000000	0.000000	0.000000	0.000000	0.000000	0.000000	0.000000	1.698178	0.000000	0.000000	-385.656128	0.000000	4	4	4	5	5	5	5	13.975058	0	0	0	0	0	0.000000	0.000000	0.000000	0.000000
155.388000	0	0.004560	0.029447	0.998024	-0.002577	0.003209	0.000636	-0.127879	-0.178868	-0.547411	-0.606142	-0.795345	0.004212	-0.795078	0.605781	-0.029659	0.021038	-0.021327	-0.999551	0.000000	0.000000	0.000000	16.990000	0.000000	0.000000	0.000000	0	0.000000	0.000000	0.000000	0.000000	0.000000	0.000000	-3.111929	-0.004212	-2.222004	0.100000	0.000000	0.000000	0.100000	0.000000	0.000000	0.100000	0.000000	0.000000	0.100000	0.000000	0.000000	0.000000	0.000000	0.000000	0.000000	0.000000	0.000000	0.000000	0.000000	0.000000	0.000000	0.000000	0.000000	0.000000	0.000000	0.000000	0.000000	0.000000	0.000000	1.698178	0.000000	0.000000	-326.293976	0.000000	4	4	4	5	5	5	5	13.975058	0	0	0	0	0	0.000000	0.000000	0.000000	0.000000
155.399002	0	0.004560	0.029447	0.998024	-0.002577	0.003209	0.000636	-0.127879	-0.178868	-0.547411	-0.606142	-0.795345	0.004212	-0.795078	0.605781	-0.029659	0.021038	-0.021327	-0.999551	0.000000	0.000000	0.000000	16.990000	0.000000	0.000000	0.000000	0	0.000000	0.000000	0.000000	0.000000	0.000000	0.000000	-3.111929	-0.004212	-2.222004	0.100000	0.000000	0.000000	0.100000	0.000000	0.000000	0.100000	0.000000	0.000000	0.100000	0.000000	0.000000	0.000000	0.000000	0.000000	0.000000	0.000000	0.000000	0.000000	0.000000	0.000000	0.000000	0.000000	0.000000	0.000000	0.000000	0.000000	0.000000	0.000000	0.000000	1.698178	0.000000	0.000000	-385.656128	0.000000	4	4	4	5	5	5	5	13.975058	0	0	0	0	0	0.000000	0.000000	0.000000	0.000000
155.408997	0	0.006325	0.033201	1.001814	0.004852	0.001238	0.001367	-0.127821	-0.179327	-0.547790	-0.606199	-0.795302	0.004194	-0.795033	0.605837	-0.029746	0.021116	-0.021366	-0.999549	0.000000	0.000000	0.000000	16.990000	0.000000	0.000000	0.000000	0	0.000000	0.000000	0.000000	0.000000	0.000000	0.000000	-3.111842	-0.004194	-2.222076	0.100000	0.000000	0.000000	0.100000	0.000000	0.000000	0.100000	0.000000	0.000000	0.100000	0.000000	0.000000	0.000000	0.000000	0.000000	0.000000	0.000000	0.000000	0.000000	0.000000	0.000000	0.000000	0.000000	0.000000	0.000000	0.000000	0.000000	0.000000	0.000000	0.000000	1.698173	0.000000	0.000000	-424.558960	0.000000	4	4	4	5	5	5	5	13.975058	0	0	0	0	0	0.000000	0.000000	0.000000	0.000000
155.421997	0	0.006325	0.033201	1.001814	0.004852	0.001238	0.001367	-0.127821	-0.179327	-0.547790	-0.606199	-0.795302	0.004194	-0.795033	0.605837	-0.029746	0.021116	-0.021366	-0.999549	0.000000	0.000000	0.000000	16.990000	0.000000	0.000000	0.000000	0	0.000000	0.000000	0.000000	0.000000	0.000000	0.000000	-3.111842	-0.004194	-2.222076	0.100000	0.000000	0.000000	0.100000	0.000000	0.000000	0.100000	0.000000	0.000000	0.100000	0.000000	0.000000	0.000000	0.000000	0.000000	0.000000	0.000000	0.000000	0.000000	0.000000	0.000000	0.000000	0.000000	0.000000	0.000000	0.000000	0.000000	0.000000	0.000000	0.000000	1.698173	0.000000	0.000000	-326.293976	0.000000	4	4	4	5	5	5	5	13.975058	0	0	0	0	0	0.000000	0.000000	0.000000	0.000000
