72.502998	1	0.013690	0.021616	-0.997402	0.002699	0.001675	-0.000476	0.226609	-0.136881	0.437155	0.879596	0.475162	-0.023068	-0.475601	0.879431	-0.020123	0.010725	0.028671	0.999531	0.000000	0.000000	0.000000	0.100000	0.000000	0.000000	0.000000	0	0.000000	0.000000	0.000000	0.000000	0.000000	0.000000	-0.020129	0.023070	0.495292	0.100000	0.000000	0.000000	0.100000	0.000000	0.000000	1.000000	0.000000	0.000000	0.100000	0.000000	0.000000	0.000000	0.000000	0.000000	0.000000	0.000000	0.000000	0.000000	0.000000	0.000000	0.000000	0.000000	0.000000	0.000000	0.000000	0.000000	0.000000	0.000000	0.000000	0.000000	0.000000	0.000000	0.000000	0.000000	4	4	4	5	5	5	5	14.358884	0	0	0	0	0	0.000000	0.000000	0.000000	0.000000
72.518997	1	0.013770	0.026833	-0.995423	-0.000372	-0.001310	-0.003179	0.227174	-0.135917	0.437196	0.879617	0.475143	-0.022646	-0.475565	0.879459	-0.019734	0.010540	0.028128	0.999549	0.000000	0.000000	0.000000	0.100000	0.000000	0.000000	0.000000	0	0.000000	0.000000	0.000000	0.000000	0.000000	0.000000	-0.019740	0.022648	0.495265	0.100000	0.000000	0.000000	0.100000	0.000000	0.000000	1.000000	0.000000	0.000000	0.100000	0.000000	0.000000	0.000000	0.000000	0.000000	0.000000	0.000000	0.000000	0.000000	0.000000	0.000000	0.000000	0.000000	0.000000	0.000000	0.000000	0.000000	0.000000	0.000000	0.000000	0.000000	0.000000	0.000000	0.000000	0.000000	4	4	4	5	5	5	5	14.358884	0	0	0	0	0	0.000000	0.000000	0.000000	0.000000
72.529999	1	0.013770	0.026833	-0.995423	-0.000372	-0.001310	-0.003179	0.227174	-0.135917	0.437196	0.879617	0.475143	-0.022646	-0.475565	0.879459	-0.019734	0.010540	0.028128	0.999549	0.000000	0.000000	0.000000	0.120000	0.000000	0.000000	0.000000	0	0.000000	0.000000	0.000000	0.000000	0.000000	0.000000	-0.019740	0.022648	0.495265	0.100000	0.000000	0.000000	0.100000	0.000000	0.000000	1.000000	0.000000	0.000000	0.100000	0.000000	0.000000	0.000000	0.000000	0.000000	0.000000	0.000000	0.000000	0.000000	0.000000	0.000000	0.000000	0.000000	0.000000	0.000000	0.000000	0.000000	0.000000	0.000000	0.000000	0.000000	0.000000	0.000000	0.000000	0.000000	4	4	4	5	5	5	5	14.390345	0	0	0	0	0	0.000000	0.000000	0.000000	0.000000
72.542999	1	0.014349	0.023562	-0.993093	-0.000627	-0.000945	-0.001936	0.227622	-0.137327	0.436906	0.879635	0.475116	-0.022497	-0.475536	0.879473	-0.019834	0.010362	0.028145	0.999550	0.000000	0.000000	0.000000	0.120000	0.000000	0.000000	0.000000	0	0.000000	0.000000	0.000000	0.000000	0.000000	0.000000	-0.019841	0.022499	0.495233	0.100000	0.000000	0.000000	0.100000	0.000000	0.000000	1.000000	0.000000	0.000000	0.100000	0.000000	0.000000	0.000000	0.000000	0.000000	0.000000	0.000000	0.000000	0.000000	0.000000	0.000000	0.000000	0.000000	0.000000	0.000000	0.000000	0.000000	0.000000	0.000000	0.000000	0.000000	0.000000	0.000000	0.000000	0.000000	4	4	4	5	5	5	5	14.390345	0	0	0	0	0	0.000000	0.000000	0.000000	0.000000
72.553001	1	0.014349	0.023562	-0.993093	-0.000627	-0.000945	-0.001936	0.227622	-0.137327	0.436906	0.879635	0.475116	-0.022497	-0.475536	0.879473	-0.019834	0.010362	0.028145	0.999550	0.000000	0.000000	0.000000	0.120000	0.000000	0.000000	0.000000	0	0.000000	0.000000	0.000000	0.000000	0.000000	0.000000	-0.019841	0.022499	0.495233	0.100000	0.000000	0.000000	0.100000	0.000000	0.000000	1.000000	0.000000	0.000000	0.100000	0.000000	0.000000	0.000000	0.000000	0.000000	0.000000	0.000000	0.000000	0.000000	0.000000	0.000000	0.000000	0.000000	0.000000	0.000000	0.000000	0.000000	0.000000	0.000000	0.000000	0.000000	0.000000	0.000000	0.000000	0.000000	4	4	4	5	5	5	5	14.390345	0	0	0	0	0	0.000000	0.000000	0.000000	0.000000
72.564003	1	0.013522	0.017456	-0.994256	0.002188	0.000723	-0.002437	0.227015	-0.136234	0.437404	0.879646	0.475095	-0.022526	-0.475515	0.879485	-0.019781	0.010414	0.028112	0.999551	0.000000	0.000000	0.000000	0.100000	0.000000	0.000000	0.000000	0	0.000000	0.000000	0.000000	0.000000	0.000000	0.000000	-0.019787	0.022528	0.495209	0.100000	0.000000	0.000000	0.100000	0.000000	0.000000	1.000000	0.000000	0.000000	0.100000	0.000000	0.000000	0.000000	0.000000	0.000000	0.000000	0.000000	0.000000	0.000000	0.000000	0.000000	0.000000	0.000000	0.000000	0.000000	0.000000	0.000000	0.000000	0.000000	0.000000	0.000000	0.000000	0.000000	0.000000	0.000000	4	4	4	5	5	5	5	14.390345	0	0	0	0	0	0.000000	0.000000	0.000000	0.000000
72.577003	1	0.013522	0.017456	-0.994256	0.002188	0.000723	-0.002437	0.227015	-0.136234	0.437404	0.879646	0.475095	-0.022526	-0.475515	0.879485	-0.019781	0.010414	0.028112	0.999551	0.000000	0.000000	0.000000	0.100000	0.000000	0.000000	0.000000	0	0.000000	0.000000	0.000000	0.000000	0.000000	0.000000	-0.019787	0.022528	0.495209	0.100000	0.000000	0.000000	0.100000	0.000000	0.000000	1.000000	0.000000	0.000000	0.100000	0.000000	0.000000	0.000000	0.000000	0.000000	0.000000	0.000000	0.000000	0.000000	0.000000	0.000000	0.000000	0.000000	0.000000	0.000000	0.000000	0.000000	0.000000	0.000000	0.000000	0.000000	0.000000	0.000000	0.000000	0.000000	4	4	4	5	5	5	5	14.390345	0	0	0	0	0	0.000000	0.000000	0.000000	0.000000
72.587997	1	0.012087	0.015869	-1.001767	0.000773	0.006862	-0.001414	0.227914	-0.136871	0.437049	0.879595	0.475186	-0.022610	-0.475607	0.879437	-0.019714	0.010516	0.028094	0.999550	0.000000	0.000000	0.000000	0.100000	0.000000	0.000000	0.000000	0	0.000000	0.000000	0.000000	0.000000	0.000000	0.000000	-0.019721	0.022612	0.495314	0.100000	0.000000	0.000000	0.100000	0.000000	0.000000	1.000000	0.000000	0.000000	0.100000	0.000000	0.000000	0.000000	0.000000	0.000000	0.000000	0.000000	0.000000	0.000000	0.000000	0.000000	0.000000	0.000000	0.000000	0.000000	0.000000	0.000000	0.000000	0.000000	0.000000	0.000000	0.000000	0.000000	0.000000	0.000000	4	4	4	5	5	5	5	14.390345	0	0	0	0	0	0.000000	0.000000	0.000000	0.000000
72.599998	1	0.012087	0.015869	-1.001767	0.000773	0.006862	-0.001414	0.227914	-0.136871	0.437049	0.879595	0.475186	-0.022610	-0.475607	0.879437	-0.019714	0.010516	0.028094	0.999550	0.000000	0.000000	0.000000	0.110000	0.000000	0.000000	0.000000	0	0.000000	0.000000	0.000000	0.000000	0.000000	0.000000	-0.019721	0.022612	0.495314	0.100000	0.000000	0.000000	0.100000	0.000000	0.000000	1.000000	0.000000	0.000000	0.100000	0.000000	0.000000	0.000000	0.000000	0.000000	0.000000	0.000000	0.000000	0.000000	0.000000	0.000000	0.000000	0.000000	0.000000	0.000000	0.000000	0.000000	0.000000	0.000000	0.000000	0.000000	0.000000	0.000000	0.000000	0.000000	4	4	4	5	5	5	5	14.390345	0	0	0	0	0	0.000000	0.000000	0.000000	0.000000
72.611000	1	0.010438	0.015964	-1.001778	0.000700	0.003113	-0.002197	0.226249	-0.136329	0.437215	0.879558	0.475256	-0.022581	-0.475675	0.879402	-0.019646	0.010520	0.028021	0.999552	0.000000	0.000000	0.000000	0.110000	0.000000	0.000000	0.000000	0	0.000000	0.000000	0.000000	0.000000	0.000000	0.000000	-0.019652	0.022582	0.495392	0.100000	0.000000	0.000000	0.100000	0.000000	0.000000	1.000000	0.000000	0.000000	0.100000	0.000000	0.000000	0.000000	0.000000	0.000000	0.000000	0.000000	0.000000	0.000000	0.000000	0.000000	0.000000	0.000000	0.000000	0.000000	0.000000	0.000000	0.000000	0.000000	0.000000	0.000000	0.000000	0.000000	0.000000	0.000000	4	4	4	5	5	5	5	14.390345	0	0	0	0	0	0.000000	0.000000	0.000000	0.000000
72.622002	1	0.010438	0.015964	-1.001778	0.000700	0.003113	-0.002197	0.226249	-0.136329	0.437215	0.879558	0.475256	-0.022581	-0.475675	0.879402	-0.019646	0.010520	0.028021	0.999552	0.000000	0.000000	0.000000	0.110000	0.000000	0.000000	0.000000	0	0.000000	0.000000	0.000000	0.000000	0.000000	0.000000	-0.019652	0.022582	0.495392	0.100000	0.000000	0.000000	0.100000	0.000000	0.000000	1.000000	0.000000	0.000000	0.100000	0.000000	0.000000	0.000000	0.000000	0.000000	0.000000	0.000000	0.000000	0.000000	0.000000	0.000000	0.000000	0.000000	0.000000	0.000000	0.000000	0.000000	0.000000	0.000000	0.000000	0.000000	0.000000	0.000000	0.000000	0.000000	4	4	4	5	5	5	5	14.390345	0	0	0	0	0	0.000000	0.000000	0.000000	0.000000
72.635002	1	0.015925	0.017543	-0.995328	0.001865	0.004072	0.000608	0.226821	-0.136310	0.437319	0.879534	0.475298	-0.022614	-0.475718	0.879380	-0.019588	0.010576	0.027986	0.999552	0.000000	0.000000	0.000000	0.080000	0.000000	0.000000	0.000000	0	0.000000	0.000000	0.000000	0.000000	0.000000	0.000000	-0.019594	0.022616	0.495441	0.100000	0.000000	0.000000	0.100000	0.000000	0.000000	1.000000	0.000000	0.000000	0.100000	0.000000	0.000000	0.000000	0.000000	0.000000	0.000000	0.000000	0.000000	0.000000	0.000000	0.000000	0.000000	0.000000	0.000000	0.000000	0.000000	0.000000	0.000000	0.000000	0.000000	0.000000	0.000000	0.000000	0.000000	0.000000	4	4	4	5	5	5	5	14.390345	0	0	0	0	0	0.000000	0.000000	0.000000	0.000000
72.644997	1	0.015925	0.017543	-0.995328	0.001865	0.004072	0.000608	0.226821	-0.136310	0.437319	0.879534	0.475298	-0.022614	-0.475718	0.879380	-0.019588	0.010576	0.027986	0.999552	0.000000	0.000000	0.000000	0.080000	0.000000	0.000000	0.000000	0	0.000000	0.000000	0.000000	0.000000	0.000000	0.000000	-0.019594	0.022616	0.495441	0.100000	0.000000	0.000000	0.100000	0.000000	0.000000	1.000000	0.000000	0.000000	0.100000	0.000000	0.000000	0.000000	0.000000	0.000000	0.000000	0.000000	0.000000	0.000000	0.000000	0.000000	0.000000	0.000000	0.000000	0.000000	0.000000	0.000000	0.000000	0.000000	0.000000	0.000000	0.000000	0.000000	0.000000	0.000000	4	4	4	5	5	5	5	14.390345	0	0	0	0	0	0.000000	0.000000	0.000000	0.000000
72.658997	1	0.016193	0.019264	-0.993647	0.003377	0.010970	0.004682	0.227271	-0.137077	0.436979	0.879479	0.475393	-0.022770	-0.475817	0.879328	-0.019519	0.010743	0.028001	0.999550	0.000000	0.000000	0.000000	0.080000	0.000000	0.000000	0.000000	0	0.000000	0.000000	0.000000	0.000000	0.000000	0.000000	-0.019525	0.022772	0.495551	0.100000	0.000000	0.000000	0.100000	0.000000	0.000000	1.000000	0.000000	0.000000	0.100000	0.000000	0.000000	0.000000	0.000000	0.000000	0.000000	0.000000	0.000000	0.000000	0.000000	0.000000	0.000000	0.000000	0.000000	0.000000	0.000000	0.000000	0.000000	0.000000	0.000000	0.000000	0.000000	0.000000	0.000000	0.000000	4	4	4	5	5	5	5	14.390345	0	0	0	0	0	0.000000	0.000000	0.000000	0.000000
72.669998	1	0.016193	0.019264	-0.993647	0.003377	0.010970	0.004682	0.227271	-0.137077	0.436979	0.879479	0.475393	-0.022770	-0.475817	0.879328	-0.019519	0.010743	0.028001	0.999550	0.000000	0.000000	0.000000	0.120000	0.000000	0.000000	0.000000	0	0.000000	0.000000	0.000000	0.000000	0.000000	0.000000	-0.019525	0.022772	0.495551	0.100000	0.000000	0.000000	0.100000	0.000000	0.000000	1.000000	0.000000	0.000000	0.100000	0.000000	0.000000	0.000000	0.000000	0.000000	0.000000	0.000000	0.000000	0.000000	0.000000	0.000000	0.000000	0.000000	0.000000	0.000000	0.000000	0.000000	0.000000	0.000000	0.000000	0.000000	0.000000	0.000000	0.000000	0.000000	4	4	4	5	5	5	5	14.390345	0	0	0	0	0	0.000000	0.000000	0.000000	0.000000
72.681000	1	0.013986	0.027255	-0.995827	0.006363	0.003366	0.000796	0.227294	-0.136405	0.437348	0.879478	0.475394	-0.022794	-0.475818	0.879329	-0.019455	0.010795	0.027956	0.999551	0.000000	0.000000	0.000000	0.120000	0.000000	0.000000	0.000000	0	0.000000	0.000000	0.000000	0.000000	0.000000	0.000000	-0.019461	0.022796	0.495552	0.100000	0.000000	0.000000	0.100000	0.000000	0.000000	1.000000	0.000000	0.000000	0.100000	0.000000	0.000000	0.000000	0.000000	0.000000	0.000000	0.000000	0.000000	0.000000	0.000000	0.000000	0.000000	0.000000	0.000000	0.000000	0.000000	0.000000	0.000000	0.000000	0.000000	0.000000	0.000000	0.000000	0.000000	0.000000	4	4	4	5	5	5	5	14.390345	0	0	0	0	0	0.000000	0.000000	0.000000	0.000000
72.693001	1	0.013986	0.027255	-0.995827	0.006363	0.003366	0.000796	0.227294	-0.136405	0.437348	0.879478	0.475394	-0.022794	-0.475818	0.879329	-0.019455	0.010795	0.027956	0.999551	0.000000	0.000000	0.000000	0.120000	0.000000	0.000000	0.000000	0	0.000000	0.000000	0.000000	0.000000	0.000000	0.000000	-0.019461	0.022796	0.495552	0.100000	0.000000	0.000000	0.100000	0.000000	0.000000	1.000000	0.000000	0.000000	0.100000	0.000000	0.000000	0.000000	0.000000	0.000000	0.000000	0.000000	0.000000	0.000000	0.000000	0.000000	0.000000	0.000000	0.000000	0.000000	0.000000	0.000000	0.000000	0.000000	0.000000	0.000000	0.000000	0.000000	0.000000	0.000000	4	4	4	5	5	5	5	14.390345	0	0	0	0	0	0.000000	0.000000	0.000000	0.000000
72.704002	1	0.018331	0.028597	-1.001606	0.002198	-0.000428	0.000133	0.226675	-0.137227	0.437372	0.879518	0.475319	-0.022820	-0.475744	0.879368	-0.019500	0.010798	0.028007	0.999549	0.000000	0.000000	0.000000	0.100000	0.000000	0.000000	0.000000	0	0.000000	0.000000	0.000000	0.000000	0.000000	0.000000	-0.019506	0.022822	0.495467	0.100000	0.000000	0.000000	0.100000	0.000000	0.000000	1.000000	0.000000	0.000000	0.100000	0.000000	0.000000	0.000000	0.000000	0.000000	0.000000	0.000000	0.000000	0.000000	0.000000	0.000000	0.000000	0.000000	0.000000	0.000000	0.000000	0.000000	0.000000	0.000000	0.000000	0.000000	0.000000	0.000000	0.000000	0.000000	4	4	4	5	5	5	5	14.390345	0	0	0	0	0	0.000000	0.000000	0.000000	0.000000
72.727997	1	0.018331	0.028597	-1.001606	0.002198	-0.000428	0.000133	0.226675	-0.137227	0.437372	0.879518	0.475319	-0.022820	-0.475744	0.879368	-0.019500	0.010798	0.028007	0.999549	0.000000	0.000000	0.000000	0.100000	0.000000	0.000000	0.000000	0	0.000000	0.000000	0.000000	0.000000	0.000000	0.000000	-0.019506	0.022822	0.495467	0.100000	0.000000	0.000000	0.100000	0.000000	0.000000	1.000000	0.000000	0.000000	0.100000	0.000000	0.000000	0.000000	0.000000	0.000000	0.000000	0.000000	0.000000	0.000000	0.000000	0.000000	0.000000	0.000000	0.000000	0.000000	0.000000	0.000000	0.000000	0.000000	0.000000	0.000000	0.000000	0.000000	0.000000	0.000000	4	4	4	5	5	5	5	14.390345	0	0	0	0	0	0.000000	0.000000	0.000000	0.000000
72.738998	1	0.013310	0.024202	-0.983848	-0.000931	0.000849	0.002686	0.226992	-0.136393	0.437296	0.879548	0.475264	-0.022800	-0.475689	0.879395	-0.019592	0.010739	0.028078	0.999548	0.000000	0.000000	0.000000	0.100000	0.000000	0.000000	0.000000	0	0.000000	0.000000	0.000000	0.000000	0.000000	0.000000	-0.019598	0.022802	0.495404	0.100000	0.000000	0.000000	0.100000	0.000000	0.000000	1.000000	0.000000	0.000000	0.100000	0.000000	0.000000	0.000000	0.000000	0.000000	0.000000	0.000000	0.000000	0.000000	0.000000	0.000000	0.000000	0.000000	0.000000	0.000000	0.000000	0.000000	0.000000	0.000000	0.000000	0.000000	0.000000	0.000000	0.000000	0.000000	4	4	4	5	5	5	5	14.390345	0	0	0	0	0	0.000000	0.000000	0.000000	0.000000
72.750000	1	0.013310	0.024202	-0.983848	-0.000931	0.000849	0.002686	0.226992	-0.136393	0.437296	0.879548	0.475264	-0.022800	-0.475689	0.879395	-0.019592	0.010739	0.028078	0.999548	0.000000	0.000000	0.000000	0.100000	0.000000	0.000000	0.000000	0	0.000000	0.000000	0.000000	0.000000	0.000000	0.000000	-0.019598	0.022802	0.495404	0.100000	0.000000	0.000000	0.100000	0.000000	0.000000	1.000000	0.000000	0.000000	0.100000	0.000000	0.000000	0.000000	0.000000	0.000000	0.000000	0.000000	0.000000	0.000000	0.000000	0.000000	0.000000	0.000000	0.000000	0.000000	0.000000	0.000000	0.000000	0.000000	0.000000	0.000000	0.000000	0.000000	0.000000	0.000000	4	4	4	5	5	5	5	14.390345	0	0	0	0	0	0.000000	0.000000	0.000000	0.000000
72.763000	1	0.009225	0.011066	-1.016301	-0.000742	0.003381	0.002086	0.227300	-0.136655	0.437053	0.879422	0.475499	-0.022774	-0.475922	0.879271	-0.019490	0.010757	0.027979	0.999551	0.000000	0.000000	0.000000	0.100000	0.000000	0.000000	0.000000	0	0.000000	0.000000	0.000000	0.000000	0.000000	0.000000	-0.019496	0.022776	0.495671	0.100000	0.000000	0.000000	0.100000	0.000000	0.000000	1.000000	0.000000	0.000000	0.100000	0.000000	0.000000	0.000000	0.000000	0.000000	0.000000	0.000000	0.000000	0.000000	0.000000	0.000000	0.000000	0.000000	0.000000	0.000000	0.000000	0.000000	0.000000	0.000000	0.000000	0.000000	0.000000	0.000000	0.000000	0.000000	4	4	4	5	5	5	5	14.390345	0	0	0	0	0	0.000000	0.000000	0.000000	0.000000
72.773003	1	0.009225	0.011066	-1.016301	-0.000742	0.003381	0.002086	0.227300	-0.136655	0.437053	0.879422	0.475499	-0.022774	-0.475922	0.879271	-0.019490	0.010757	0.027979	0.999551	0.000000	0.000000	0.000000	0.100000	0.000000	0.000000	0.000000	0	0.000000	0.000000	0.000000	0.000000	0.000000	0.000000	-0.019496	0.022776	0.495671	0.100000	0.000000	0.000000	0.100000	0.000000	0.000000	1.000000	0.000000	0.000000	0.100000	0.000000	0.000000	0.000000	0.000000	0.000000	0.000000	0.000000	0.000000	0.000000	0.000000	0.000000	0.000000	0.000000	0.000000	0.000000	0.000000	0.000000	0.000000	0.000000	0.000000	0.000000	0.000000	0.000000	0.000000	0.000000	4	4	4	5	5	5	5	14.390345	0	0	0	0	0	0.000000	0.000000	0.000000	0.000000
72.783997	1	0.009101	0.015424	-1.001028	-0.000039	0.007363	-0.003241	0.227004	-0.136294	0.437540	0.879376	0.475580	-0.022831	-0.476005	0.879226	-0.019490	0.010804	0.028007	0.999549	0.000000	0.000000	0.000000	0.100000	0.000000	0.000000	0.000000	0	0.000000	0.000000	0.000000	0.000000	0.000000	0.000000	-0.019497	0.022833	0.495764	0.100000	0.000000	0.000000	0.100000	0.000000	0.000000	1.000000	0.000000	0.000000	0.100000	0.000000	0.000000	0.000000	0.000000	0.000000	0.000000	0.000000	0.000000	0.000000	0.000000	0.000000	0.000000	0.000000	0.000000	0.000000	0.000000	0.000000	0.000000	0.000000	0.000000	0.000000	0.000000	0.000000	0.000000	0.000000	4	4	4	5	5	5	5	14.390345	0	0	0	0	0	0.000000	0.000000	0.000000	0.000000
72.796997	1	0.009101	0.015424	-1.001028	-0.000039	0.007363	-0.003241	0.227004	-0.136294	0.437540	0.879376	0.475580	-0.022831	-0.476005	0.879226	-0.019490	0.010804	0.028007	0.999549	0.000000	0.000000	0.000000	0.100000	0.000000	0.000000	0.000000	0	0.000000	0.000000	0.000000	0.000000	0.000000	0.000000	-0.019497	0.022833	0.495764	0.100000	0.000000	0.000000	0.100000	0.000000	0.000000	1.000000	0.000000	0.000000	0.100000	0.000000	0.000000	0.000000	0.000000	0.000000	0.000000	0.000000	0.000000	0.000000	0.000000	0.000000	0.000000	0.000000	0.000000	0.000000	0.000000	0.000000	0.000000	0.000000	0.000000	0.000000	0.000000	0.000000	0.000000	0.000000	4	4	4	5	5	5	5	14.390345	0	0	0	0	0	0.000000	0.000000	0.000000	0.000000
72.806999	1	0.015642	0.020953	-0.994395	0.003072	0.007835	-0.001801	0.226294	-0.136481	0.437022	0.879380	0.475570	-0.022872	-0.475996	0.879233	-0.019417	0.010876	0.027962	0.999550	0.000000	0.000000	0.000000	0.100000	0.000000	0.000000	0.000000	0	0.000000	0.000000	0.000000	0.000000	0.000000	0.000000	-0.019423	0.022874	0.495754	0.100000	0.000000	0.000000	0.100000	0.000000	0.000000	1.000000	0.000000	0.000000	0.100000	0.000000	0.000000	0.000000	0.000000	0.000000	0.000000	0.000000	0.000000	0.000000	0.000000	0.000000	0.000000	0.000000	0.000000	0.000000	0.000000	0.000000	0.000000	0.000000	0.000000	0.000000	0.000000	0.000000	0.000000	0.000000	4	4	4	5	5	5	5	14.390345	0	0	0	0	0	0.000000	0.000000	0.000000	0.000000
72.820000	1	0.015642	0.020953	-0.994395	0.003072	0.007835	-0.001801	0.226294	-0.136481	0.437022	0.879380	0.475570	-0.022872	-0.475996	0.879233	-0.019417	0.010876	0.027962	0.999550	0.000000	0.000000	0.000000	0.110000	0.000000	0.000000	0.000000	0	0.000000	0.000000	0.000000	0.000000	0.000000	0.000000	-0.019423	0.022874	0.495754	0.100000	0.000000	0.000000	0.100000	0.000000	0.000000	1.000000	0.000000	0.000000	0.100000	0.000000	0.000000	0.000000	0.000000	0.000000	0.000000	0.000000	0.000000	0.000000	0.000000	0.000000	0.000000	0.000000	0.000000	0.000000	0.000000	0.000000	0.000000	0.000000	0.000000	0.000000	0.000000	0.000000	0.000000	0.000000	4	4	4	5	5	5	5	14.390345	0	0	0	0	0	0.000000	0.000000	0.000000	0.000000
72.831001	1	0.017879	0.028035	-0.996459	0.001930	0.002357	0.001159	0.227117	-0.136694	0.437344	0.879398	0.475534	-0.022933	-0.475962	0.879251	-0.019435	0.010922	0.028006	0.999548	0.000000	0.000000	0.000000	0.110000	0.000000	0.000000	0.000000	0	0.000000	0.000000	0.000000	0.000000	0.000000	0.000000	-0.019441	0.022935	0.495714	0.100000	0.000000	0.000000	0.100000	0.000000	0.000000	1.000000	0.000000	0.000000	0.100000	0.000000	0.000000	0.000000	0.000000	0.000000	0.000000	0.000000	0.000000	0.000000	0.000000	0.000000	0.000000	0.000000	0.000000	0.000000	0.000000	0.000000	0.000000	0.000000	0.000000	0.000000	0.000000	0.000000	0.000000	0.000000	4	4	4	5	5	5	5	14.390345	0	0	0	0	0	0.000000	0.000000	0.000000	0.000000
72.842003	1	0.017879	0.028035	-0.996459	0.001930	0.002357	0.001159	0.227117	-0.136694	0.437344	0.879398	0.475534	-0.022933	-0.475962	0.879251	-0.019435	0.010922	0.028006	0.999548	0.000000	0.000000	0.000000	0.110000	0.000000	0.000000	0.000000	0	0.000000	0.000000	0.000000	0.000000	0.000000	0.000000	-0.019441	0.022935	0.495714	0.100000	0.000000	0.000000	0.100000	0.000000	0.000000	1.000000	0.000000	0.000000	0.100000	0.000000	0.000000	0.000000	0.000000	0.000000	0.000000	0.000000	0.000000	0.000000	0.000000	0.000000	0.000000	0.000000	0.000000	0.000000	0.000000	0.000000	0.000000	0.000000	0.000000	0.000000	0.000000	0.000000	0.000000	0.000000	4	4	4	5	5	5	5	14.390345	0	0	0	0	0	0.000000	0.000000	0.000000	0.000000
72.853996	1	0.018743	0.021514	-0.998772	-0.006243	0.002237	0.000831	0.226425	-0.136617	0.437554	0.879387	0.475553	-0.022973	-0.475983	0.879238	-0.019536	0.010908	0.028115	0.999545	0.000000	0.000000	0.000000	0.110000	0.000000	0.000000	0.000000	0	0.000000	0.000000	0.000000	0.000000	0.000000	0.000000	-0.019543	0.022975	0.495735	0.100000	0.000000	0.000000	0.100000	0.000000	0.000000	1.000000	0.000000	0.000000	0.100000	0.000000	0.000000	0.000000	0.000000	0.000000	0.000000	0.000000	0.000000	0.000000	0.000000	0.000000	0.000000	0.000000	0.000000	0.000000	0.000000	0.000000	0.000000	0.000000	0.000000	0.000000	0.000000	0.000000	0.000000	0.000000	4	4	4	5	5	5	5	14.390345	0	0	0	0	0	0.000000	0.000000	0.000000	0.000000
72.864998	1	0.018743	0.021514	-0.998772	-0.006243	0.002237	0.000831	0.226425	-0.136617	0.437554	0.879387	0.475553	-0.022973	-0.475983	0.879238	-0.019536	0.010908	0.028115	0.999545	0.000000	0.000000	0.000000	0.110000	0.000000	0.000000	0.000000	0	0.000000	0.000000	0.000000	0.000000	0.000000	0.000000	-0.019543	0.022975	0.495735	0.100000	0.000000	0.000000	0.100000	0.000000	0.000000	1.000000	0.000000	0.000000	0.100000	0.000000	0.000000	0.000000	0.000000	0.000000	0.000000	0.000000	0.000000	0.000000	0.000000	0.000000	0.000000	0.000000	0.000000	0.000000	0.000000	0.000000	0.000000	0.000000	0.000000	0.000000	0.000000	0.000000	0.000000	0.000000	4	4	4	5	5	5	5	14.390345	0	0	0	0	0	0.000000	0.000000	0.000000	0.000000
72.877998	1	0.011518	0.016110	-1.003276	0.001819	-0.001979	-0.004659	0.227068	-0.137010	0.436744	0.879362	0.475605	-0.022871	-0.476031	0.879212	-0.019508	0.010830	0.028042	0.999548	0.000000	0.000000	0.000000	0.110000	0.000000	0.000000	0.000000	0	0.000000	0.000000	0.000000	0.000000	0.000000	0.000000	-0.019514	0.022873	0.495793	0.100000	0.000000	0.000000	0.100000	0.000000	0.000000	1.000000	0.000000	0.000000	0.100000	0.000000	0.000000	0.000000	0.000000	0.000000	0.000000	0.000000	0.000000	0.000000	0.000000	0.000000	0.000000	0.000000	0.000000	0.000000	0.000000	0.000000	0.000000	0.000000	0.000000	0.000000	0.000000	0.000000	0.000000	0.000000	4	4	4	5	5	5	5	14.390345	0	0	0	0	0	0.000000	0.000000	0.000000	0.000000
72.888000	1	0.011518	0.016110	-1.003276	0.001819	-0.001979	-0.004659	0.227068	-0.137010	0.436744	0.879362	0.475605	-0.022871	-0.476031	0.879212	-0.019508	0.010830	0.028042	0.999548	0.000000	0.000000	0.000000	0.100000	0.000000	0.000000	0.000000	0	0.000000	0.000000	0.000000	0.000000	0.000000	0.000000	-0.019514	0.022873	0.495793	0.100000	0.000000	0.000000	0.100000	0.000000	0.000000	1.000000	0.000000	0.000000	0.100000	0.000000	0.000000	0.000000	0.000000	0.000000	0.000000	0.000000	0.000000	0.000000	0.000000	0.000000	0.000000	0.000000	0.000000	0.000000	0.000000	0.000000	0.000000	0.000000	0.000000	0.000000	0.000000	0.000000	0.000000	0.000000	4	4	4	5	5	5	5	14.390345	0	0	0	0	0	0.000000	0.000000	0.000000	0.000000
72.899002	1	0.011253	0.016035	-0.997159	-0.001928	0.004041	0.000336	0.227091	-0.136680	0.437262	0.879261	0.475792	-0.022843	-0.476218	0.879110	-0.019555	0.010777	0.028073	0.999548	0.000000	0.000000	0.000000	0.100000	0.000000	0.000000	0.000000	0	0.000000	0.000000	0.000000	0.000000	0.000000	0.000000	-0.019562	0.022845	0.496005	0.100000	0.000000	0.000000	0.100000	0.000000	0.000000	1.000000	0.000000	0.000000	0.100000	0.000000	0.000000	0.000000	0.000000	0.000000	0.000000	0.000000	0.000000	0.000000	0.000000	0.000000	0.000000	0.000000	0.000000	0.000000	0.000000	0.000000	0.000000	0.000000	0.000000	0.000000	0.000000	0.000000	0.000000	0.000000	4	4	4	5	5	5	5	14.390345	0	0	0	0	0	0.000000	0.000000	0.000000	0.000000
72.912003	1	0.011253	0.016035	-0.997159	-0.001928	0.004041	0.000336	0.227091	-0.136680	0.437262	0.879261	0.475792	-0.022843	-0.476218	0.879110	-0.019555	0.010777	0.028073	0.999548	0.000000	0.000000	0.000000	0.100000	0.000000	0.000000	0.000000	0	0.000000	0.000000	0.000000	0.000000	0.000000	0.000000	-0.019562	0.022845	0.496005	0.100000	0.000000	0.000000	0.100000	0.000000	0.000000	1.000000	0.000000	0.000000	0.100000	0.000000	0.000000	0.000000	0.000000	0.000000	0.000000	0.000000	0.000000	0.000000	0.000000	0.000000	0.000000	0.000000	0.000000	0.000000	0.000000	0.000000	0.000000	0.000000	0.000000	0.000000	0.000000	0.000000	0.000000	0.000000	4	4	4	5	5	5	5	14.390345	0	0	0	0	0	0.000000	0.000000	0.000000	0.000000
72.922997	1	0.013893	0.026144	-0.988227	-0.003951	0.007302	-0.004677	0.226158	-0.136206	0.436458	0.879301	0.475714	-0.022932	-0.476143	0.879149	-0.019594	0.010839	0.028148	0.999545	0.000000	0.000000	0.000000	0.120000	0.000000	0.000000	0.000000	0	0.000000	0.000000	0.000000	0.000000	0.000000	0.000000	-0.019601	0.022934	0.495918	0.100000	0.000000	0.000000	0.100000	0.000000	0.000000	1.000000	0.000000	0.000000	0.100000	0.000000	0.000000	0.000000	0.000000	0.000000	0.000000	0.000000	0.000000	0.000000	0.000000	0.000000	0.000000	0.000000	0.000000	0.000000	0.000000	0.000000	0.000000	0.000000	0.000000	0.000000	0.000000	0.000000	0.000000	0.000000	4	4	4	5	5	5	5	14.390345	0	0	0	0	0	0.000000	0.000000	0.000000	0.000000
72.935997	1	0.013893	0.026144	-0.988227	-0.003951	0.007302	-0.004677	0.226158	-0.136206	0.436458	0.879301	0.475714	-0.022932	-0.476143	0.879149	-0.019594	0.010839	0.028148	0.999545	0.000000	0.000000	0.000000	0.120000	0.000000	0.000000	0.000000	0	0.000000	0.000000	0.000000	0.000000	0.000000	0.000000	-0.019601	0.022934	0.495918	0.100000	0.000000	0.000000	0.100000	0.000000	0.000000	1.000000	0.000000	0.000000	0.100000	0.000000	0.000000	0.000000	0.000000	0.000000	0.000000	0.000000	0.000000	0.000000	0.000000	0.000000	0.000000	0.000000	0.000000	0.000000	0.000000	0.000000	0.000000	0.000000	0.000000	0.000000	0.000000	0.000000	0.000000	0.000000	4	4	4	5	5	5	5	14.390345	0	0	0	0	0	0.000000	0.000000	0.000000	0.000000
72.946999	1	0.014816	0.026732	-0.994829	-0.002019	-0.001391	0.002278	0.226364	-0.136860	0.436932	0.879292	0.475735	-0.022832	-0.476162	0.879138	-0.019653	0.010723	0.028152	0.999546	0.000000	0.000000	0.000000	0.120000	0.000000	0.000000	0.000000	0	0.000000	0.000000	0.000000	0.000000	0.000000	0.000000	-0.019659	0.022834	0.495940	0.100000	0.000000	0.000000	0.100000	0.000000	0.000000	1.000000	0.000000	0.000000	0.100000	0.000000	0.000000	0.000000	0.000000	0.000000	0.000000	0.000000	0.000000	0.000000	0.000000	0.000000	0.000000	0.000000	0.000000	0.000000	0.000000	0.000000	0.000000	0.000000	0.000000	0.000000	0.000000	0.000000	0.000000	0.000000	4	4	4	5	5	5	5	14.390345	0	0	0	0	0	0.000000	0.000000	0.000000	0.000000
72.958000	1	0.014816	0.026732	-0.994829	-0.002019	-0.001391	0.002278	0.226364	-0.136860	0.436932	0.879292	0.475735	-0.022832	-0.476162	0.879138	-0.019653	0.010723	0.028152	0.999546	0.000000	0.000000	0.000000	0.120000	0.000000	0.000000	0.000000	0	0.000000	0.000000	0.000000	0.000000	0.000000	0.000000	-0.019659	0.022834	0.495940	0.100000	0.000000	0.000000	0.100000	0.000000	0.000000	1.000000	0.000000	0.000000	0.100000	0.000000	0.000000	0.000000	0.000000	0.000000	0.000000	0.000000	0.000000	0.000000	0.000000	0.000000	0.000000	0.000000	0.000000	0.000000	0.000000	0.000000	0.000000	0.000000	0.000000	0.000000	0.000000	0.000000	0.000000	0.000000	4	4	4	5	5	5	5	14.390345	0	0	0	0	0	0.000000	0.000000	0.000000	0.000000
72.971001	1	0.015672	0.026055	-0.998196	0.000018	0.003737	-0.001675	0.227763	-0.136548	0.437127	0.879326	0.475670	-0.022875	-0.476099	0.879171	-0.019683	0.010749	0.028198	0.999545	0.000000	0.000000	0.000000	0.120000	0.000000	0.000000	0.000000	0	0.000000	0.000000	0.000000	0.000000	0.000000	0.000000	-0.019689	0.022877	0.495868	0.100000	0.000000	0.000000	0.100000	0.000000	0.000000	1.000000	0.000000	0.000000	0.100000	0.000000	0.000000	0.000000	0.000000	0.000000	0.000000	0.000000	0.000000	0.000000	0.000000	0.000000	0.000000	0.000000	0.000000	0.000000	0.000000	0.000000	0.000000	0.000000	0.000000	0.000000	0.000000	0.000000	0.000000	0.000000	4	4	4	5	5	5	5	14.390345	0	0	0	0	0	0.000000	0.000000	0.000000	0.000000
72.981003	1	0.015672	0.026055	-0.998196	0.000018	0.003737	-0.001675	0.227763	-0.136548	0.437127	0.879326	0.475670	-0.022875	-0.476099	0.879171	-0.019683	0.010749	0.028198	0.999545	0.000000	0.000000	0.000000	0.120000	0.000000	0.000000	0.000000	0	0.000000	0.000000	0.000000	0.000000	0.000000	0.000000	-0.019689	0.022877	0.495868	0.100000	0.000000	0.000000	0.100000	0.000000	0.000000	1.000000	0.000000	0.000000	0.100000	0.000000	0.000000	0.000000	0.000000	0.000000	0.000000	0.000000	0.000000	0.000000	0.000000	0.000000	0.000000	0.000000	0.000000	0.000000	0.000000	0.000000	0.000000	0.000000	0.000000	0.000000	0.000000	0.000000	0.000000	0.000000	4	4	4	5	5	5	5	14.390345	0	0	0	0	0	0.000000	0.000000	0.000000	0.000000
72.994003	1	0.013604	0.016632	-0.998410	-0.003966	0.006324	0.004920	0.227198	-0.136271	0.437508	0.879291	0.475734	-0.022912	-0.476163	0.879137	-0.019649	0.010795	0.028187	0.999544	0.000000	0.000000	0.000000	0.110000	0.000000	0.000000	0.000000	0	0.000000	0.000000	0.000000	0.000000	0.000000	0.000000	-0.019655	0.022914	0.495941	0.100000	0.000000	0.000000	0.100000	0.000000	0.000000	1.000000	0.000000	0.000000	0.100000	0.000000	0.000000	0.000000	0.000000	0.000000	0.000000	0.000000	0.000000	0.000000	0.000000	0.000000	0.000000	0.000000	0.000000	0.000000	0.000000	0.000000	0.000000	0.000000	0.000000	0.000000	0.000000	0.000000	0.000000	0.000000	4	4	4	5	5	5	5	14.390345	0	0	0	0	0	0.000000	0.000000	0.000000	0.000000
73.004997	1	0.013604	0.016632	-0.998410	-0.003966	0.006324	0.004920	0.227198	-0.136271	0.437508	0.879291	0.475734	-0.022912	-0.476163	0.879137	-0.019649	0.010795	0.028187	0.999544	0.000000	0.000000	0.000000	0.110000	0.000000	0.000000	0.000000	0	0.000000	0.000000	0.000000	0.000000	0.000000	0.000000	-0.019655	0.022914	0.495941	0.100000	0.000000	0.000000	0.100000	0.000000	0.000000	1.000000	0.000000	0.000000	0.100000	0.000000	0.000000	0.000000	0.000000	0.000000	0.000000	0.000000	0.000000	0.000000	0.000000	0.000000	0.000000	0.000000	0.000000	0.000000	0.000000	0.000000	0.000000	0.000000	0.000000	0.000000	0.000000	0.000000	0.000000	0.000000	4	4	4	5	5	5	5	14.390345	0	0	0	0	0	0.000000	0.000000	0.000000	0.000000
73.015999	1	0.016300	0.019446	-0.990225	0.000438	0.004143	-0.005089	0.226545	-0.136776	0.437531	0.879315	0.475688	-0.022938	-0.476118	0.879162	-0.019638	0.010825	0.028189	0.999544	0.000000	0.000000	0.000000	0.110000	0.000000	0.000000	0.000000	0	0.000000	0.000000	0.000000	0.000000	0.000000	0.000000	-0.019644	0.022940	0.495888	0.100000	0.000000	0.000000	0.100000	0.000000	0.000000	1.000000	0.000000	0.000000	0.100000	0.000000	0.000000	0.000000	0.000000	0.000000	0.000000	0.000000	0.000000	0.000000	0.000000	0.000000	0.000000	0.000000	0.000000	0.000000	0.000000	0.000000	0.000000	0.000000	0.000000	0.000000	0.000000	0.000000	0.000000	0.000000	4	4	4	5	5	5	5	14.390345	0	0	0	0	0	0.000000	0.000000	0.000000	0.000000
73.028000	1	0.016300	0.019446	-0.990225	0.000438	0.004143	-0.005089	0.226545	-0.136776	0.437531	0.879315	0.475688	-0.022938	-0.476118	0.879162	-0.019638	0.010825	0.028189	0.999544	0.000000	0.000000	0.000000	0.100000	0.000000	0.000000	0.000000	0	0.000000	0.000000	0.000000	0.000000	0.000000	0.000000	-0.019644	0.022940	0.495888	0.100000	0.000000	0.000000	0.100000	0.000000	0.000000	1.000000	0.000000	0.000000	0.100000	0.000000	0.000000	0.000000	0.000000	0.000000	0.000000	0.000000	0.000000	0.000000	0.000000	0.000000	0.000000	0.000000	0.000000	0.000000	0.000000	0.000000	0.000000	0.000000	0.000000	0.000000	0.000000	0.000000	0.000000	0.000000	4	4	4	5	5	5	5	14.390345	0	0	0	0	0	0.000000	0.000000	0.000000	0.000000
73.039001	1	0.018096	0.021683	-1.000672	-0.003902	0.002325	-0.004147	0.226541	-0.136315	0.436711	0.879358	0.475605	-0.023000	-0.476037	0.879206	-0.019644	0.010879	0.028223	0.999542	0.000000	0.000000	0.000000	0.100000	0.000000	0.000000	0.000000	0	0.000000	0.000000	0.000000	0.000000	0.000000	0.000000	-0.019650	0.023002	0.495795	0.100000	0.000000	0.000000	0.100000	0.000000	0.000000	1.000000	0.000000	0.000000	0.100000	0.000000	0.000000	0.000000	0.000000	0.000000	0.000000	0.000000	0.000000	0.000000	0.000000	0.000000	0.000000	0.000000	0.000000	0.000000	0.000000	0.000000	0.000000	0.000000	0.000000	0.000000	0.000000	0.000000	0.000000	0.000000	4	4	4	5	5	5	5	14.390345	0	0	0	0	0	0.000000	0.000000	0.000000	0.000000
73.050003	1	0.018096	0.021683	-1.000672	-0.003902	0.002325	-0.004147	0.226541	-0.136315	0.436711	0.879358	0.475605	-0.023000	-0.476037	0.879206	-0.019644	0.010879	0.028223	0.999542	0.000000	0.000000	0.000000	0.100000	0.000000	0.000000	0.000000	0	0.000000	0.000000	0.000000	0.000000	0.000000	0.000000	-0.019650	0.023002	0.495795	0.100000	0.000000	0.000000	0.100000	0.000000	0.000000	1.000000	0.000000	0.000000	0.100000	0.000000	0.000000	0.000000	0.000000	0.000000	0.000000	0.000000	0.000000	0.000000	0.000000	0.000000	0.000000	0.000000	0.000000	0.000000	0.000000	0.000000	0.000000	0.000000	0.000000	0.000000	0.000000	0.000000	0.000000	0.000000	4	4	4	5	5	5	5	14.390345	0	0	0	0	0	0.000000	0.000000	0.000000	0.000000
73.061996	1	0.014645	0.019862	-0.997753	-0.000292	0.001062	0.005046	0.227181	-0.136451	0.436715	0.879312	0.475690	-0.023000	-0.476123	0.879157	-0.019740	0.010830	0.028308	0.999541	0.000000	0.000000	0.000000	0.110000	0.000000	0.000000	0.000000	0	0.000000	0.000000	0.000000	0.000000	0.000000	0.000000	-0.019746	0.023002	0.495892	0.100000	0.000000	0.000000	0.100000	0.000000	0.000000	1.000000	0.000000	0.000000	0.100000	0.000000	0.000000	0.000000	0.000000	0.000000	0.000000	0.000000	0.000000	0.000000	0.000000	0.000000	0.000000	0.000000	0.000000	0.000000	0.000000	0.000000	0.000000	0.000000	0.000000	0.000000	0.000000	0.000000	0.000000	0.000000	4	4	4	5	5	5	5	14.390345	0	0	0	0	0	0.000000	0.000000	0.000000	0.000000
73.072998	1	0.014645	0.019862	-0.997753	-0.000292	0.001062	0.005046	0.227181	-0.136451	0.436715	0.879312	0.475690	-0.023000	-0.476123	0.879157	-0.019740	0.010830	0.028308	0.999541	0.000000	0.000000	0.000000	0.110000	0.000000	0.000000	0.000000	0	0.000000	0.000000	0.000000	0.000000	0.000000	0.000000	-0.019746	0.023002	0.495892	0.100000	0.000000	0.000000	0.100000	0.000000	0.000000	1.000000	0.000000	0.000000	0.100000	0.000000	0.000000	0.000000	0.000000	0.000000	0.000000	0.000000	0.000000	0.000000	0.000000	0.000000	0.000000	0.000000	0.000000	0.000000	0.000000	0.000000	0.000000	0.000000	0.000000	0.000000	0.000000	0.000000	0.000000	0.000000	4	4	4	5	5	5	5	14.390345	0	0	0	0	0	0.000000	0.000000	0.000000	0.000000
73.085999	1	0.011946	0.019871	-0.998539	-0.001715	0.003129	0.000883	0.226789	-0.136496	0.437582	0.879288	0.475736	-0.022976	-0.476168	0.879132	-0.019768	0.010795	0.028322	0.999541	0.000000	0.000000	0.000000	0.110000	0.000000	0.000000	0.000000	0	0.000000	0.000000	0.000000	0.000000	0.000000	0.000000	-0.019774	0.022978	0.495944	0.100000	0.000000	0.000000	0.100000	0.000000	0.000000	1.000000	0.000000	0.000000	0.100000	0.000000	0.000000	0.000000	0.000000	0.000000	0.000000	0.000000	0.000000	0.000000	0.000000	0.000000	0.000000	0.000000	0.000000	0.000000	0.000000	0.000000	0.000000	0.000000	0.000000	0.000000	0.000000	0.000000	0.000000	0.000000	4	4	4	5	5	5	5	14.390345	0	0	0	0	0	0.000000	0.000000	0.000000	0.000000
73.097000	1	0.011946	0.019871	-0.998539	-0.001715	0.003129	0.000883	0.226789	-0.136496	0.437582	0.879288	0.475736	-0.022976	-0.476168	0.879132	-0.019768	0.010795	0.028322	0.999541	0.000000	0.000000	0.000000	0.120000	0.000000	0.000000	0.000000	0	0.000000	0.000000	0.000000	0.000000	0.000000	0.000000	-0.019774	0.022978	0.495944	0.100000	0.000000	0.000000	0.100000	0.000000	0.000000	1.000000	0.000000	0.000000	0.100000	0.000000	0.000000	0.000000	0.000000	0.000000	0.000000	0.000000	0.000000	0.000000	0.000000	0.000000	0.000000	0.000000	0.000000	0.000000	0.000000	0.000000	0.000000	0.000000	0.000000	0.000000	0.000000	0.000000	0.000000	0.000000	4	4	4	5	5	5	5	14.390345	0	0	0	0	0	0.000000	0.000000	0.000000	0.000000
73.108002	1	0.011306	0.019092	-0.993879	-0.001252	-0.006046	-0.003052	0.227298	-0.136705	0.436964	0.879305	0.475714	-0.022768	-0.476140	0.879148	-0.019737	0.010627	0.028196	0.999546	0.000000	0.000000	0.000000	0.120000	0.000000	0.000000	0.000000	0	0.000000	0.000000	0.000000	0.000000	0.000000	0.000000	-0.019744	0.022770	0.495916	0.100000	0.000000	0.000000	0.100000	0.000000	0.000000	1.000000	0.000000	0.000000	0.100000	0.000000	0.000000	0.000000	0.000000	0.000000	0.000000	0.000000	0.000000	0.000000	0.000000	0.000000	0.000000	0.000000	0.000000	0.000000	0.000000	0.000000	0.000000	0.000000	0.000000	0.000000	0.000000	0.000000	0.000000	0.000000	4	4	4	5	5	5	5	14.390345	0	0	0	0	0	0.000000	0.000000	0.000000	0.000000
73.120003	1	0.011306	0.019092	-0.993879	-0.001252	-0.006046	-0.003052	0.227298	-0.136705	0.436964	0.879305	0.475714	-0.022768	-0.476140	0.879148	-0.019737	0.010627	0.028196	0.999546	0.000000	0.000000	0.000000	0.120000	0.000000	0.000000	0.000000	0	0.000000	0.000000	0.000000	0.000000	0.000000	0.000000	-0.019744	0.022770	0.495916	0.100000	0.000000	0.000000	0.100000	0.000000	0.000000	1.000000	0.000000	0.000000	0.100000	0.000000	0.000000	0.000000	0.000000	0.000000	0.000000	0.000000	0.000000	0.000000	0.000000	0.000000	0.000000	0.000000	0.000000	0.000000	0.000000	0.000000	0.000000	0.000000	0.000000	0.000000	0.000000	0.000000	0.000000	0.000000	4	4	4	5	5	5	5	14.390345	0	0	0	0	0	0.000000	0.000000	0.000000	0.000000
73.130997	1	0.016610	0.027321	-0.996061	-0.001862	0.003931	-0.003933	0.226509	-0.136513	0.436821	0.879339	0.475651	-0.022780	-0.476078	0.879181	-0.019754	0.010632	0.028215	0.999545	0.000000	0.000000	0.000000	0.110000	0.000000	0.000000	0.000000	0	0.000000	0.000000	0.000000	0.000000	0.000000	0.000000	-0.019760	0.022782	0.495845	0.100000	0.000000	0.000000	0.100000	0.000000	0.000000	1.000000	0.000000	0.000000	0.100000	0.000000	0.000000	0.000000	0.000000	0.000000	0.000000	0.000000	0.000000	0.000000	0.000000	0.000000	0.000000	0.000000	0.000000	0.000000	0.000000	0.000000	0.000000	0.000000	0.000000	0.000000	0.000000	0.000000	0.000000	0.000000	4	4	4	5	5	5	5	14.390345	0	0	0	0	0	0.000000	0.000000	0.000000	0.000000
73.143997	1	0.016610	0.027321	-0.996061	-0.001862	0.003931	-0.003933	0.226509	-0.136513	0.436821	0.879339	0.475651	-0.022780	-0.476078	0.879181	-0.019754	0.010632	0.028215	0.999545	0.000000	0.000000	0.000000	0.110000	0.000000	0.000000	0.000000	0	0.000000	0.000000	0.000000	0.000000	0.000000	0.000000	-0.019760	0.022782	0.495845	0.100000	0.000000	0.000000	0.100000	0.000000	0.000000	1.000000	0.000000	0.000000	0.100000	0.000000	0.000000	0.000000	0.000000	0.000000	0.000000	0.000000	0.000000	0.000000	0.000000	0.000000	0.000000	0.000000	0.000000	0.000000	0.000000	0.000000	0.000000	0.000000	0.000000	0.000000	0.000000	0.000000	0.000000	0.000000	4	4	4	5	5	5	5	14.390345	0	0	0	0	0	0.000000	0.000000	0.000000	0.000000
73.153999	1	0.020562	0.029295	-0.996440	-0.001458	-0.002078	-0.000003	0.226594	-0.136784	0.436963	0.879372	0.475591	-0.022753	-0.476019	0.879210	-0.019906	0.010537	0.028336	0.999543	0.000000	0.000000	0.000000	0.110000	0.000000	0.000000	0.000000	0	0.000000	0.000000	0.000000	0.000000	0.000000	0.000000	-0.019913	0.022755	0.495776	0.100000	0.000000	0.000000	0.100000	0.000000	0.000000	1.000000	0.000000	0.000000	0.100000	0.000000	0.000000	0.000000	0.000000	0.000000	0.000000	0.000000	0.000000	0.000000	0.000000	0.000000	0.000000	0.000000	0.000000	0.000000	0.000000	0.000000	0.000000	0.000000	0.000000	0.000000	0.000000	0.000000	0.000000	0.000000	4	4	4	5	5	5	5	14.390345	0	0	0	0	0	0.000000	0.000000	0.000000	0.000000
