79.092003	2	0.014952	0.013779	-0.997594	0.002298	0.003087	-0.003588	0.179268	-0.199584	0.439789	0.699798	0.713906	-0.024926	-0.714315	0.699645	-0.015846	0.006127	0.028894	0.999564	0.000000	0.000000	0.000000	0.100000	0.000000	0.000000	0.000000	0	0.000000	0.000000	0.000000	0.000000	0.000000	0.000000	-0.015852	0.024929	0.795378	0.100000	0.000000	0.000000	0.100000	0.000000	0.000000	1.000000	0.000000	0.000000	0.100000	0.000000	0.000000	0.000000	0.000000	0.000000	0.000000	0.000000	0.000000	0.000000	0.000000	0.000000	0.000000	0.000000	0.000000	0.000000	0.000000	-0.314625	0.000000	0.018000	-0.019800	-0.414580	-1.000000	-1.000000	-1.105093	-1.000000	4	4	4	5	5	5	5	14.226747	1614725	1571499	1606081	71604	0	0.000000	0.000000	-0.414580	-1.000000
83.442001	1	0.014952	0.013779	-0.997594	0.002298	0.003087	-0.003588	0.179268	-0.199584	0.439789	0.699798	0.713906	-0.024926	-0.714315	0.699645	-0.015846	0.006127	0.028894	0.999564	0.000000	0.000000	0.000000	0.100000	0.000000	0.000000	0.000000	0	0.000000	0.000000	0.000000	0.000000	0.000000	0.000000	-0.015852	0.024929	0.795378	0.100000	0.000000	0.000000	0.100000	0.000000	0.000000	1.000000	0.000000	0.000000	0.100000	0.000000	0.000000	0.000000	0.000000	0.000000	0.000000	0.000000	0.000000	0.000000	0.000000	0.000000	0.000000	0.000000	0.000000	0.000000	0.000000	-0.314625	0.000000	0.018000	-0.019800	-0.414580	-1.000000	-1.000000	-1.105093	-1.000000	4	4	4	5	5	5	5	14.220454	953865	910657	945227	971153	0	0.000000	0.000000	-0.414580	-1.000000
86.676003	1	0.005654	0.020800	-1.015169	-0.000494	0.010563	-0.001477	0.178112	-0.197587	0.438399	0.700642	0.713158	-0.022514	-0.713500	0.700469	-0.016122	0.004273	0.027360	0.999617	0.000000	0.000000	0.000000	0.100000	0.000000	0.000000	0.000000	0	0.000000	0.000000	0.000000	0.000000	0.000000	0.000000	-0.016127	0.022516	0.794251	0.100000	0.000000	0.000000	0.100000	0.000000	0.000000	1.000000	0.000000	0.000000	0.100000	0.000000	0.000000	0.000000	0.000000	0.000000	0.000000	0.000000	0.000000	0.000000	0.000000	0.000000	0.000000	0.000000	0.000000	0.000000	0.000000	-0.314625	0.000000	0.018000	-0.019800	-0.414580	-1.000000	-1.000000	-1.105093	-1.000000	4	4	4	5	5	5	5	14.245624	363717	320487	355071	311847	0	0.000000	0.000000	-0.414580	-1.000000
87.818001	1	0.005654	0.020800	-1.015169	-0.000494	0.010563	-0.001477	0.178112	-0.197587	0.438399	0.700642	0.713158	-0.022514	-0.713500	0.700469	-0.016122	0.004273	0.027360	0.999617	0.000000	0.000000	0.000000	0.100000	0.000000	0.000000	0.000000	0	0.000000	0.000000	0.000000	0.000000	0.000000	0.000000	-0.016127	0.022516	0.794251	0.100000	0.000000	0.000000	0.100000	0.000000	0.000000	1.000000	0.000000	0.000000	0.100000	0.000000	0.000000	0.000000	0.000000	0.000000	0.000000	0.000000	0.000000	0.000000	0.000000	0.000000	0.000000	0.000000	0.000000	0.000000	0.000000	-0.314625	0.000000	0.018000	-0.019800	-0.414580	-1.000000	-1.000000	-1.105093	-1.000000	4	4	4	5	5	5	5	14.220454	1596807	1553577	1588161	1544937	0	0.000000	0.000000	-0.414580	-1.000000
88.133003	1	0.020644	0.024926	-1.034890	-0.010903	0.003965	-0.002591	0.177469	-0.196702	0.438845	0.700710	0.713012	-0.024866	-0.713420	0.700558	-0.015857	0.006114	0.028851	0.999565	0.000000	0.000000	0.000000	0.100000	0.000000	0.000000	0.000000	0	0.000000	0.000000	0.000000	0.000000	0.000000	0.000000	-0.015862	0.024869	0.794100	0.100000	0.000000	0.000000	0.100000	0.000000	0.000000	1.000000	0.000000	0.000000	0.100000	0.000000	0.000000	0.000000	0.000000	0.000000	0.000000	0.000000	0.000000	0.000000	0.000000	0.000000	0.000000	0.000000	0.000000	0.000000	0.000000	-0.314625	0.000000	0.018000	-0.019800	-0.414580	-1.000000	-1.000000	-1.105093	-1.000000	4	4	4	5	5	5	5	14.251916	119730	120358	119858	152966	0	0.000000	0.000000	-0.414580	-1.000000
89.011002	1	0.020644	0.024926	-1.034890	-0.010903	0.003965	-0.002591	0.177469	-0.196702	0.438845	0.700710	0.713012	-0.024866	-0.713420	0.700558	-0.015857	0.006114	0.028851	0.999565	0.000000	0.000000	0.000000	0.090000	0.000000	0.000000	0.000000	0	0.000000	0.000000	0.000000	0.000000	0.000000	0.000000	-0.015862	0.024869	0.794100	0.100000	0.000000	0.000000	0.100000	0.000000	0.000000	1.000000	0.000000	0.000000	0.100000	0.000000	0.000000	0.000000	0.000000	0.000000	0.000000	0.000000	0.000000	0.000000	0.000000	0.000000	0.000000	0.000000	0.000000	0.000000	0.000000	-0.314625	0.000000	0.018000	-0.019800	-0.414580	-1.000000	-1.000000	-1.105093	-1.000000	4	4	4	5	5	5	5	14.251916	1145741	1102529	1137103	1093883	0	0.000000	0.000000	-0.414580	-1.000000
89.628998	1	0.007025	0.013920	-0.959543	-0.000114	0.004208	0.001182	0.177618	-0.196318	0.439302	0.701226	0.712506	-0.024818	-0.712919	0.701042	-0.016937	0.005331	0.029570	0.999548	0.000000	0.000000	0.000000	0.090000	0.000000	0.000000	0.000000	0	0.000000	0.000000	0.000000	0.000000	0.000000	0.000000	-0.016943	0.024821	0.793377	0.100000	0.000000	0.000000	0.100000	0.000000	0.000000	1.000000	0.000000	0.000000	0.100000	0.000000	0.000000	0.000000	0.000000	0.000000	0.000000	0.000000	0.000000	0.000000	0.000000	0.000000	0.000000	0.000000	0.000000	0.000000	0.000000	-0.314625	0.000000	0.018000	-0.019800	-0.414580	-1.000000	-1.000000	-1.105093	-1.000000	4	4	4	5	5	5	5	14.226747	2174510	2131298	2165872	2122652	0	0.000000	0.000000	-0.414580	-1.000000
