65.167000	2	0.140005	-0.014918	-9.716302	0.005081	0.005440	-0.004726	0.273425	-0.103823	0.499349	0.937348	0.347922	-0.018143	-0.347942	0.937514	0.002117	0.017746	0.004328	0.999833	0.000000	0.000000	0.000000	0.140000	0.000000	0.000000	0.000000	0	-0.508461	0.851824	2.223745	-0.244980	0.081531	0.851166	0.002117	0.018144	-1.252054	0.000000	0.000000	0.000000	0.000000	0.000000	0.000000	5.000000	0.000000	0.000000	0.000000	0.000000	0.000000	0.000000	0.000000	0.000000	0.000000	0.000000	0.000000	0.000000	0.000000	0.000000	0.000000	0.000000	0.000000	0.000000	0.000000	-1.389213	0.000000	-0.066374	-0.037884	-10.000000	0.000000	0.000000	-23.800001	0.000000	0	0	0	5	5	5	5	16.221386	3758096384	1071604947	1610612736	1071656685	1610612736	0.463071	nan	0.000000	0.000000	0	3218961272	0	0	119600	0.000000	nan	61.183998	61.167000	61.183998	65.167000
66.226997	1	-0.043925	0.068870	-9.712465	-0.007456	-0.004842	-0.000883	-0.014906	-0.584024	0.561152	-0.030343	0.999539	-0.000370	-0.999522	-0.030345	-0.005871	-0.005879	0.000191	0.999983	0.000000	0.000000	0.000000	0.140000	0.000000	0.000000	0.000000	0	-0.236169	0.874229	3.125979	-0.153527	0.018476	0.950768	-0.005871	0.000370	-0.006324	0.000000	0.000000	0.000000	0.000000	0.000000	0.000000	5.000000	0.000000	0.000000	0.000000	0.000000	0.000000	0.000000	0.000000	0.000000	0.000000	0.000000	0.000000	0.000000	0.000000	0.000000	0.000000	0.000000	0.000000	0.000000	0.000000	-27.305729	0.000000	34.407639	34.407639	-10.000000	0.000000	0.000000	-23.800001	0.000000	0	0	0	5	5	5	5	16.221386	2147483648	1075983405	2147483648	1075937519	-2147483648	9.101910	nan	0.000000	0.000000	0	3218961272	0	0	119600	0.000000	nan	61.183998	66.226997	66.226997	66.226997
66.242996	2	-0.043925	0.068870	-9.712465	-0.007456	-0.004842	-0.000883	-0.014906	-0.584024	0.561152	-0.030343	0.999539	-0.000370	-0.999522	-0.030345	-0.005871	-0.005879	0.000191	0.999983	0.000000	0.000000	0.000000	0.080000	0.000000	0.000000	0.000000	0	-0.238625	0.874524	0.390457	-0.153693	0.017710	0.523248	-0.005871	0.000370	-0.006324	0.000000	0.000000	0.000000	0.000000	0.000000	0.000000	5.000000	0.000000	0.000000	0.000000	0.000000	0.000000	0.000000	0.000000	0.000000	0.000000	0.000000	0.000000	0.000000	0.000000	0.000000	0.000000	0.000000	0.000000	0.000000	0.000000	-1.389135	0.000000	-0.066477	-0.037884	-8.897961	0.000000	0.000000	-21.177147	0.000000	0	0	0	5	5	5	5	16.221386	3758096384	1071604947	2147483648	1071656633	1610612736	0.463045	nan	0.000000	0.000000	0	1073827116	0	0	119600	0.000000	nan	66.242996	66.226997	66.226997	66.242996
67.625000	0	-0.012820	0.040240	-9.719994	0.000674	-0.000108	-0.004532	-0.015157	-0.583500	0.561188	-0.029839	0.999554	-0.000706	-0.999537	-0.029843	-0.005940	-0.005958	0.000528	0.999982	0.000000	0.000000	0.000000	0.080000	0.000000	0.000000	0.000000	0	-0.451030	0.899000	1.113587	-0.128713	-0.008758	0.642930	-0.005940	0.000706	-0.006829	0.000000	0.000000	0.000000	0.000000	0.000000	0.000000	5.000000	0.000000	0.000000	0.000000	0.000000	0.000000	0.000000	0.000000	0.000000	0.000000	0.000000	0.000000	0.000000	0.000000	0.000000	0.000000	0.000000	0.000000	0.000000	0.000000	-1.389135	0.000000	0.000000	0.000000	-10.000000	0.000000	0.000000	-23.800001	0.000000	0	0	0	5	5	5	5	16.221386	536870912	1071605056	1610612736	1071656685	-1610612736	0.463071	nan	0.000000	0.000000	0	3218961272	0	0	119600	0.000000	nan	66.242996	66.226997	67.625000	67.625000
67.640999	2	-0.012820	0.040240	-9.719994	0.000674	-0.000108	-0.004532	-0.015157	-0.583500	0.561188	-0.029839	0.999554	-0.000706	-0.999537	-0.029843	-0.005940	-0.005958	0.000528	0.999982	0.000000	0.000000	0.000000	0.080000	0.000000	0.000000	0.000000	0	-0.242709	0.913708	1.123874	-0.075530	-0.005331	0.644316	-0.005940	0.000706	-0.006829	0.000000	0.000000	0.000000	0.000000	0.000000	0.000000	5.000000	0.000000	0.000000	0.000000	0.000000	0.000000	0.000000	0.000000	0.000000	0.000000	0.000000	0.000000	0.000000	0.000000	0.000000	0.000000	0.000000	0.000000	0.000000	0.000000	-1.389213	0.000000	-0.066374	-0.037781	-10.000000	0.000000	0.000000	-23.800001	0.000000	0	0	0	5	5	5	5	16.189924	536870912	1071605056	1610612736	1071656685	-1610612736	0.463097	nan	0.000000	0.000000	0	3218961272	0	0	119600	0.000000	nan	66.242996	67.640999	67.625000	67.640999
68.315002	1	-0.021092	0.050922	-9.725784	-0.001385	0.007052	-0.007197	-0.014900	-0.583820	0.560871	-0.028451	0.999595	0.000161	-0.999582	-0.028450	-0.005057	-0.005051	-0.000304	0.999987	0.000000	0.000000	0.000000	0.810000	0.000000	0.000000	0.000000	0	-0.293617	0.910115	-0.094334	-0.076323	-0.018522	0.384982	-0.005057	-0.000161	-0.008218	0.000000	0.000000	0.000000	0.000000	0.000000	0.000000	5.000000	0.000000	0.000000	0.000000	0.000000	0.000000	0.000000	0.000000	0.000000	0.000000	0.000000	0.000000	0.000000	0.000000	0.000000	0.000000	0.000000	0.000000	0.000000	0.000000	-0.250336	0.000000	-1.666219	-1.666219	-10.000000	0.000000	0.000000	-23.800001	0.000000	0	0	0	5	5	5	5	16.189924	2147483648	1071609710	1610612736	1071656685	0	0.069677	nan	0.000000	0.000000	0	3218961272	0	0	119600	0.000000	nan	68.315002	67.640999	68.315002	68.315002
