80.918999	2	-0.010251	0.055147	-9.733679	-0.003779	0.002160	0.005441	-0.015616	-0.583367	0.560204	-0.027113	0.999632	0.000278	-0.999619	-0.027111	-0.005123	-0.005114	-0.000417	0.999987	0.000000	0.000000	0.000000	0.830000	0.000000	0.000000	0.000000	0	-0.338098	1.088607	-0.748617	-0.014122	-0.028394	0.264526	-0.005123	-0.000278	0.000262	0.000000	0.000000	0.000000	0.000000	0.000000	0.000000	5.000000	0.000000	0.000000	0.000000	0.000000	0.000000	0.000000	0.000000	0.000000	0.000000	0.000000	0.000000	0.000000	0.000000	0.000000	0.000000	0.000000	0.000000	0.000000	0.000000	-0.209110	0.000000	-0.066271	-0.037677	2.697535	0.000000	0.000000	6.420134	0.000000	0	0	0	5	5	5	5	16.233971	1610612736	1071605164	536870912	1071656737	-536870912	0.069703	nan	0.000000	0.000000	3758096384	1077789324	0	0	119600	0.000000	nan	80.918999	77.818001	77.516998	80.918999
81.930000	1	0.002798	0.042598	-9.729759	-0.001600	-0.000767	-0.002564	-0.015144	-0.583362	0.560573	-0.026751	0.999642	-0.000030	-0.999628	-0.026751	-0.005244	-0.005243	-0.000110	0.999986	0.000000	0.000000	0.000000	0.830000	0.000000	0.000000	0.000000	0	-0.352376	1.059901	-0.481181	-0.005676	-0.025632	0.342172	-0.005244	0.000030	-0.000100	0.000000	0.000000	0.000000	0.000000	0.000000	0.000000	5.000000	0.000000	0.000000	0.000000	0.000000	0.000000	0.000000	0.000000	0.000000	0.000000	0.000000	0.000000	0.000000	0.000000	0.000000	0.000000	0.000000	0.000000	0.000000	0.000000	-27.830593	0.000000	35.107456	35.107456	2.697535	0.000000	0.000000	6.420134	0.000000	0	0	0	5	5	5	5	16.233971	536870912	1076006337	1073741824	1075959460	536870912	9.276864	nan	0.000000	0.000000	3758096384	1077789324	0	0	119600	0.000000	nan	80.918999	77.818001	81.930000	81.930000
81.945999	2	0.002798	0.042598	-9.729759	-0.001600	-0.000767	-0.002564	-0.015144	-0.583362	0.560573	-0.026751	0.999642	-0.000030	-0.999628	-0.026751	-0.005244	-0.005243	-0.000110	0.999986	0.000000	0.000000	0.000000	0.830000	0.000000	0.000000	0.000000	0	-0.345686	1.090798	-0.475706	-0.003226	-0.014895	0.343401	-0.005244	0.000030	-0.000100	0.000000	0.000000	0.000000	0.000000	0.000000	0.000000	5.000000	0.000000	0.000000	0.000000	0.000000	0.000000	0.000000	0.000000	0.000000	0.000000	0.000000	0.000000	0.000000	0.000000	0.000000	0.000000	0.000000	0.000000	0.000000	0.000000	-0.209110	0.000000	-0.066271	-0.037677	1.332983	0.000000	0.000000	3.172499	0.000000	0	0	0	5	5	5	5	16.183632	1610612736	1071605164	536870912	1071656737	-536870912	0.069703	nan	0.000000	0.000000	3758096384	1077576487	0	0	119600	0.000000	nan	80.918999	81.945999	81.930000	81.945999
82.000999	1	-0.016232	0.042730	-9.740292	-0.006712	0.002113	0.004801	-0.016229	-0.582504	0.559600	-0.028419	0.999595	-0.001533	-0.999592	-0.028424	-0.002939	-0.002982	0.001449	0.999995	0.000000	0.000000	0.000000	0.830000	0.000000	0.000000	0.000000	0	-0.345863	1.089979	-0.702567	-0.003953	-0.016631	0.294625	-0.002939	0.001533	0.001570	0.000000	0.000000	0.000000	0.000000	0.000000	0.000000	5.000000	0.000000	0.000000	0.000000	0.000000	0.000000	0.000000	0.000000	0.000000	0.000000	0.000000	0.000000	0.000000	0.000000	0.000000	0.000000	0.000000	0.000000	0.000000	0.000000	-10.456412	0.000000	11.941883	11.941883	1.332983	0.000000	0.000000	3.172499	0.000000	0	0	0	5	5	5	5	16.183632	1610612736	1071605164	536870912	1071656737	-536870912	0.915226	nan	0.000000	0.000000	3758096384	1077576487	0	0	119600	0.000000	nan	82.000999	81.945999	82.000999	82.000999
82.016998	2	-0.016232	0.042730	-9.740292	-0.006712	0.002113	0.004801	-0.016229	-0.582504	0.559600	-0.028419	0.999595	-0.001533	-0.999592	-0.028424	-0.002939	-0.002982	0.001449	0.999995	0.000000	0.000000	0.000000	0.830000	0.000000	0.000000	0.000000	0	-0.345926	1.089713	-0.697853	-0.004164	-0.017135	0.295686	-0.002939	0.001533	0.001570	0.000000	0.000000	0.000000	0.000000	0.000000	0.000000	5.000000	0.000000	0.000000	0.000000	0.000000	0.000000	0.000000	0.000000	0.000000	0.000000	0.000000	0.000000	0.000000	0.000000	0.000000	0.000000	0.000000	0.000000	0.000000	0.000000	-2.745600	0.000000	-0.066374	-0.037781	-10.000000	0.000000	0.000000	-23.800001	0.000000	0	0	0	5	5	5	5	16.183632	536870912	1071605056	1610612736	1071656685	-1610612736	0.915200	nan	0.000000	0.000000	0	3218961272	0	0	119600	0.000000	nan	82.000999	81.945999	82.000999	82.016998
83.960999	1	-0.012216	0.052948	-9.777870	-0.004139	0.002248	0.003128	-0.015333	-0.583093	0.560093	-0.028016	0.999607	-0.000095	-0.999602	-0.028016	-0.003173	-0.003175	0.000006	0.999995	0.000000	0.000000	0.000000	0.830000	0.000000	0.000000	0.000000	0	-0.288195	1.119113	-0.123040	-0.026802	-0.025534	0.351406	-0.003173	0.000095	0.001166	0.000000	0.000000	0.000000	0.000000	0.000000	0.000000	5.000000	0.000000	0.000000	0.000000	0.000000	0.000000	0.000000	0.000000	0.000000	0.000000	0.000000	0.000000	0.000000	0.000000	0.000000	0.000000	0.000000	0.000000	0.000000	0.000000	-12.662710	0.000000	14.883614	14.883614	-10.000000	0.000000	0.000000	-23.800001	0.000000	0	0	0	5	5	5	5	16.183632	1610612736	1071605164	536870912	1071656737	-536870912	0.915226	nan	0.000000	0.000000	0	3218961272	0	0	119600	0.000000	nan	82.000999	83.960999	83.960999	83.960999
