61.148998	2	-0.033127	0.015534	-9.733046	0.009511	-0.002800	-0.002012	-0.010368	-0.581158	0.559300	-0.017375	0.999800	0.009911	-0.999849	-0.017374	-0.000195	-0.000022	-0.009913	0.999951	0.000000	0.000000	0.000000	0.000000	0.000000	0.000000	0.000000	0	0.000000	0.000000	0.000000	0.000000	0.000000	0.000000	-0.000195	-0.009911	0.071408	0.000000	0.000000	0.000000	0.000000	0.000000	0.000000	5.000000	0.000000	0.000000	0.000000	0.000000	0.000000	0.000000	0.000000	0.000000	0.000000	0.000000	0.000000	0.000000	0.000000	0.000000	0.000000	0.000000	0.000000	0.000000	0.000000	2.745600	0.000000	-0.066374	-0.037677	10.000000	0.000000	0.000000	23.800001	0.000000	0	0	0	5	5	5	5	14.800000	536870912	1071605056	536870912	1071656737	536870912	0.915226	nan	0.000000	0.000000	0	1078432230	0	0	119600	0.000000	nan	99.528000	95.254997	83.960999	61.148998
62.313999	1	-0.015023	0.037136	-9.745273	0.000799	0.000801	0.000877	0.002233	-0.581878	0.561039	0.004671	0.999983	0.003547	-0.999987	0.004678	-0.001849	-0.001865	-0.003538	0.999992	0.000000	0.000000	0.000000	0.000000	0.000000	0.000000	0.000000	0	0.000000	0.000000	0.000000	-0.020152	0.020791	0.073320	-0.001849	-0.003547	0.049360	0.000000	0.000000	0.000000	0.000000	0.000000	0.000000	5.000000	0.000000	0.000000	0.000000	0.000000	0.000000	0.000000	0.000000	0.000000	0.000000	0.000000	0.000000	0.000000	0.000000	0.000000	0.000000	0.000000	0.000000	0.000000	0.000000	4.466284	0.000000	3.955046	3.955046	10.000000	0.000000	0.000000	23.800001	0.000000	0	0	0	5	5	5	5	16.164755	536870912	1071605056	1610612736	1071656685	1610612736	0.065548	nan	0.000000	0.000000	0	1078432230	0	0	119600	0.000000	nan	99.528000	62.313999	62.313999	62.313999
62.341999	2	-0.015023	0.037136	-9.745273	0.000799	0.000801	0.000877	0.002233	-0.581878	0.561039	0.004671	0.999983	0.003547	-0.999987	0.004678	-0.001849	-0.001865	-0.003538	0.999992	0.000000	0.000000	0.000000	0.820000	0.000000	0.000000	0.000000	0	-0.000564	0.000582	-0.141303	-0.020684	0.021341	0.070066	-0.001849	-0.003547	0.049360	0.000000	0.000000	0.000000	0.000000	0.000000	0.000000	5.000000	0.000000	0.000000	0.000000	0.000000	0.000000	0.000000	0.000000	0.000000	0.000000	0.000000	0.000000	0.000000	0.000000	0.000000	0.000000	0.000000	0.000000	0.000000	0.000000	0.196645	0.000000	-0.066374	-0.037781	1.689741	0.000000	0.000000	4.021585	0.000000	0	0	0	5	5	5	5	16.189924	536870912	1071605056	1610612736	1071656685	1610612736	0.065548	nan	0.000000	0.000000	2684354560	1077632133	0	0	119600	0.000000	nan	62.341999	62.313999	62.313999	62.341999
63.118000	1	-0.005633	0.002309	-9.740244	-0.005263	0.004922	-0.003651	0.001393	-0.581682	0.560814	0.003593	0.999990	0.002802	-0.999993	0.003595	-0.001007	-0.001017	-0.002798	0.999996	0.000000	0.000000	0.000000	0.820000	0.000000	0.000000	0.000000	0	-0.016615	0.017143	-0.086931	-0.014804	0.038124	0.121617	-0.001007	-0.002802	0.050439	0.000000	0.000000	0.000000	0.000000	0.000000	0.000000	5.000000	0.000000	0.000000	0.000000	0.000000	0.000000	0.000000	0.000000	0.000000	0.000000	0.000000	0.000000	0.000000	0.000000	0.000000	0.000000	0.000000	0.000000	0.000000	0.000000	30.783058	0.000000	39.044079	39.044079	1.689741	0.000000	0.000000	4.021585	0.000000	0	0	0	5	5	5	5	16.189924	1610612736	1076135332	2684354560	1076082881	1610612736	10.261020	nan	0.000000	0.000000	2684354560	1077632133	0	0	119600	0.000000	nan	62.341999	62.313999	63.118000	63.118000
63.133999	2	-0.005633	0.002309	-9.740244	-0.005263	0.004922	-0.003651	0.001393	-0.581682	0.560814	0.003593	0.999990	0.002802	-0.999993	0.003595	-0.001007	-0.001017	-0.002798	0.999996	0.000000	0.000000	0.000000	0.820000	0.000000	0.000000	0.000000	0	-0.015212	0.013456	-0.084986	-0.010557	0.027658	0.122680	-0.001007	-0.002802	0.050439	0.000000	0.000000	0.000000	0.000000	0.000000	0.000000	5.000000	0.000000	0.000000	0.000000	0.000000	0.000000	0.000000	0.000000	0.000000	0.000000	0.000000	0.000000	0.000000	0.000000	0.000000	0.000000	0.000000	0.000000	0.000000	0.000000	0.196645	0.000000	-0.066374	-0.037781	1.408154	0.000000	0.000000	3.351408	0.000000	0	0	0	5	5	5	5	16.189924	536870912	1071605056	1610612736	1071656685	1610612736	0.065548	nan	0.000000	0.000000	3758096384	1077588212	0	0	119600	0.000000	nan	62.341999	63.133999	63.118000	63.133999
