58.139999	2	0.164153	0.039661	-9.715652	-0.007112	0.007561	0.001701	0.272983	-0.100458	0.498427	0.945192	0.326052	-0.017367	-0.326080	0.945341	0.001279	0.016835	0.004454	0.999848	0.000000	0.000000	0.000000	0.200000	0.000000	0.000000	0.000000	0	-0.069629	0.155806	0.276068	-0.115856	0.259245	0.490850	0.001279	0.017368	-0.019732	0.000000	0.000000	0.000000	0.000000	0.000000	0.000000	5.000000	0.000000	0.000000	0.000000	0.000000	0.000000	0.000000	0.000000	0.000000	0.000000	0.000000	0.000000	0.000000	0.000000	0.000000	0.000000	0.000000	0.000000	0.000000	0.000000	-1.389213	0.000000	-0.066271	-0.037781	-8.326406	0.000000	0.000000	-19.816847	0.000000	0	0	0	5	5	5	5	16.183632	536870912	1071605056	1610612736	1071656685	-1610612736	0.463071	nan	0.000000	0.000000	0	1074540305	0	0	119600	0.000000	nan	53.389999	53.338001	53.338001	58.139999
59.931000	2	0.150987	-0.006102	-9.728975	-0.001900	0.004057	0.003054	0.273391	-0.103617	0.499018	0.937543	0.347390	-0.018257	-0.347418	0.937709	0.001698	0.017709	0.004751	0.999832	0.000000	0.000000	0.000000	0.200000	0.000000	0.000000	0.000000	0	-0.105013	0.352170	1.155180	-0.120145	0.187038	0.627940	0.001698	0.018258	0.002940	0.000000	0.000000	0.000000	0.000000	0.000000	0.000000	5.000000	0.000000	0.000000	0.000000	0.000000	0.000000	0.000000	0.000000	0.000000	0.000000	0.000000	0.000000	0.000000	0.000000	0.000000	0.000000	0.000000	0.000000	0.000000	0.000000	-1.362193	0.000000	-0.183742	-0.183742	-10.000000	0.000000	0.000000	-23.800001	0.000000	0	0	0	5	5	5	5	16.246555	2684354560	1071452004	1610612736	1071550947	-1610612736	0.454065	nan	0.000000	0.000000	0	3218961272	0	0	119600	0.000000	nan	53.389999	59.931000	59.931000	59.931000
60.180000	1	0.150987	-0.006102	-9.728975	-0.001900	0.004057	0.003054	0.273391	-0.103617	0.499018	0.937543	0.347390	-0.018257	-0.347418	0.937709	0.001698	0.017709	0.004751	0.999832	0.000000	0.000000	0.000000	0.000000	0.000000	0.000000	0.000000	0	-0.134929	0.398742	0.310383	-0.127271	0.187164	0.506719	0.001698	0.018258	0.002940	0.000000	0.000000	0.000000	0.000000	0.000000	0.000000	5.000000	0.000000	0.000000	0.000000	0.000000	0.000000	0.000000	0.000000	0.000000	0.000000	0.000000	0.000000	0.000000	0.000000	0.000000	0.000000	0.000000	0.000000	0.000000	0.000000	-1.389213	0.000000	-0.066271	-0.037781	-10.000000	0.000000	0.000000	-23.800001	0.000000	0	0	0	5	5	5	5	16.196217	1610612736	1071107043	0	1071192205	-536870912	0.344310	nan	0.000000	0.000000	0	3218961272	0	0	119600	0.000000	nan	60.180000	59.931000	59.931000	60.181000
60.194000	2	0.141300	-0.005389	-9.719922	0.006634	0.001980	-0.007626	0.273469	-0.103968	0.498385	0.937985	0.346200	-0.018130	-0.346247	0.938143	0.000559	0.017202	0.005753	0.999835	0.000000	0.000000	0.000000	0.000000	0.000000	0.000000	0.000000	0	-0.136711	0.401363	0.317477	-0.127730	0.186996	0.507920	0.000560	0.018131	0.001670	0.000000	0.000000	0.000000	0.000000	0.000000	0.000000	5.000000	0.000000	0.000000	0.000000	0.000000	0.000000	0.000000	0.000000	0.000000	0.000000	0.000000	0.000000	0.000000	0.000000	0.000000	0.000000	0.000000	0.000000	0.000000	0.000000	-1.032929	0.000000	-0.541316	-0.512722	-6.752028	0.000000	0.000000	-16.069828	0.000000	0	0	0	5	5	5	5	16.196217	536870912	1071605056	1610612736	1071656685	-1610612736	0.463071	nan	0.000000	0.000000	0	1075647611	0	0	119600	0.000000	nan	60.180000	59.931000	60.194000	60.194000
61.167000	1	0.141300	-0.005389	-9.719922	0.006634	0.001980	-0.007626	0.273469	-0.103968	0.498385	0.937985	0.346200	-0.018130	-0.346247	0.938143	0.000559	0.017202	0.005753	0.999835	0.000000	0.000000	0.000000	0.000000	0.000000	0.000000	0.000000	0	-0.102127	0.408898	0.811683	-0.100974	0.110856	0.591367	0.000560	0.018131	0.001670	0.000000	0.000000	0.000000	0.000000	0.000000	0.000000	5.000000	0.000000	0.000000	0.000000	0.000000	0.000000	0.000000	0.000000	0.000000	0.000000	0.000000	0.000000	0.000000	0.000000	0.000000	0.000000	0.000000	0.000000	0.000000	0.000000	-4.967071	0.000000	4.622761	4.622761	-6.752028	0.000000	0.000000	-16.069828	0.000000	0	0	0	5	5	5	5	16.196217	536870912	1073380789	2684354560	1073351080	536870912	1.655690	nan	0.000000	0.000000	0	1075647611	0	0	119600	0.000000	nan	60.180000	61.167000	60.194000	61.167000
61.183998	2	0.140005	-0.014918	-9.716302	0.005081	0.005440	-0.004726	0.273425	-0.103823	0.499349	0.937348	0.347922	-0.018143	-0.347942	0.937514	0.002117	0.017746	0.004328	0.999833	0.000000	0.000000	0.000000	0.140000	0.000000	0.000000	0.000000	0	-0.103843	0.410782	0.251777	-0.101586	0.110731	0.495096	0.002117	0.018144	0.003507	0.000000	0.000000	0.000000	0.000000	0.000000	0.000000	5.000000	0.000000	0.000000	0.000000	0.000000	0.000000	0.000000	0.000000	0.000000	0.000000	0.000000	0.000000	0.000000	0.000000	0.000000	0.000000	0.000000	0.000000	0.000000	0.000000	-1.389290	0.000000	-0.066271	-0.037781	-8.205337	0.000000	0.000000	-19.528702	0.000000	0	0	0	5	5	5	5	16.221386	536870912	1071605056	536870912	1071656737	-1610612736	0.463097	nan	0.000000	0.000000	0	1074691376	0	0	119600	0.000000	nan	61.183998	61.167000	61.183998	61.183998
