30.180000	1	0.019478	0.025385	-0.992207	-0.000075	-0.012187	-0.009009	-0.010272	-0.138161	0.475828	-0.010844	0.999935	0.003601	-0.999808	-0.010783	-0.016393	-0.016353	-0.003778	0.999859	0.173000	-0.170000	0.278431	0.150000	0.000000	0.000000	0.000000	0	0.000000	0.000000	0.000000	0.000000	0.000000	0.000000	-0.016393	-0.003601	1.581640	0.100000	0.000000	0.000000	0.100000	0.000000	0.000000	0.100000	0.000000	0.000000	0.100000	0.000000	0.000000	0.000000	0.000000	0.000000	0.000000	0.000000	0.000000	0.000000	0.000000	0.000000	0.000000	0.000000	0.000000	0.000000	0.000000	0.000000	0.000000	0.000000	0.000000	0.000000	0.000000	0.000000	0.000000	0.000000	4	4	4	5	5	5	5	16.617796	0	0	0	0	0	0.000000	0.000000	0.000000	0.000000
30.195999	1	0.017943	0.023578	-0.992929	-0.002045	0.001636	-0.006999	-0.010335	-0.138285	0.475898	-0.010250	0.999940	0.003790	-0.999808	-0.010186	-0.016719	-0.016679	-0.003960	0.999853	0.173000	-0.170000	0.278431	0.150000	0.000000	0.000000	0.000000	0	0.000000	0.000000	0.000000	0.000000	0.000000	0.000000	-0.016720	-0.003790	1.581047	0.100000	0.000000	0.000000	0.100000	0.000000	0.000000	0.100000	0.000000	0.000000	0.100000	0.000000	0.000000	0.000000	0.000000	0.000000	0.000000	0.000000	0.000000	0.000000	0.000000	0.000000	0.000000	0.000000	0.000000	0.000000	0.000000	0.000000	0.000000	0.000000	0.000000	0.000000	0.000000	0.000000	0.000000	0.000000	4	4	4	5	5	5	5	16.617796	0	0	0	0	0	0.000000	0.000000	0.000000	0.000000
30.209000	1	0.017943	0.023578	-0.992929	-0.002045	0.001636	-0.006999	-0.010335	-0.138285	0.475898	-0.010250	0.999940	0.003790	-0.999808	-0.010186	-0.016719	-0.016679	-0.003960	0.999853	0.097000	-0.131000	0.184314	0.150000	0.000000	0.000000	0.000000	0	0.000000	0.000000	0.000000	0.000000	0.000000	0.000000	-0.016720	-0.003790	1.581047	0.100000	0.000000	0.000000	0.100000	0.000000	0.000000	0.100000	0.000000	0.000000	0.100000	0.000000	0.000000	0.000000	0.000000	0.000000	0.000000	0.000000	0.000000	0.000000	0.000000	0.000000	0.000000	0.000000	0.000000	0.000000	0.000000	0.000000	0.000000	0.000000	0.000000	0.000000	0.000000	0.000000	0.000000	0.000000	4	4	4	5	5	5	5	16.611504	0	0	0	0	0	0.000000	0.000000	0.000000	0.000000
30.224001	1	0.016964	0.024921	-0.992196	0.003202	0.001450	0.000253	-0.010463	-0.138131	0.475921	-0.010221	0.999941	0.003642	-0.999809	-0.010159	-0.016673	-0.016635	-0.003811	0.999854	0.097000	-0.131000	0.184314	0.130000	0.000000	0.000000	0.000000	0	0.000000	0.000000	0.000000	0.000000	0.000000	0.000000	-0.016674	-0.003642	1.581017	0.100000	0.000000	0.000000	0.100000	0.000000	0.000000	0.100000	0.000000	0.000000	0.100000	0.000000	0.000000	0.000000	0.000000	0.000000	0.000000	0.000000	0.000000	0.000000	0.000000	0.000000	0.000000	0.000000	0.000000	0.000000	0.000000	0.000000	0.000000	0.000000	0.000000	0.000000	0.000000	0.000000	0.000000	0.000000	4	4	4	5	5	5	5	16.611504	0	0	0	0	0	0.000000	0.000000	0.000000	0.000000
30.257999	1	0.016964	0.024921	-0.992196	0.003202	0.001450	0.000253	-0.010463	-0.138131	0.475921	-0.010221	0.999941	0.003642	-0.999809	-0.010159	-0.016673	-0.016635	-0.003811	0.999854	0.097000	-0.131000	0.184314	0.130000	0.000000	0.000000	0.000000	0	0.000000	0.000000	0.000000	0.000000	0.000000	0.000000	-0.016674	-0.003642	1.581017	0.100000	0.000000	0.000000	0.100000	0.000000	0.000000	0.100000	0.000000	0.000000	0.100000	0.000000	0.000000	0.000000	0.000000	0.000000	0.000000	0.000000	0.000000	0.000000	0.000000	0.000000	0.000000	0.000000	0.000000	0.000000	0.000000	0.000000	0.000000	0.000000	0.000000	0.000000	0.000000	0.000000	0.000000	0.000000	4	4	4	5	5	5	5	16.611504	0	0	0	0	0	0.000000	0.000000	0.000000	0.000000
30.273001	1	0.018191	0.023703	-0.992695	-0.002237	-0.007415	-0.013389	-0.010735	-0.138353	0.476299	-0.010144	0.999942	0.003769	-0.999808	-0.010080	-0.016808	-0.016769	-0.003939	0.999852	-0.228000	0.091000	0.231373	0.130000	0.000000	0.000000	0.000000	0	0.000000	0.000000	0.000000	0.000000	0.000000	0.000000	-0.016809	-0.003769	1.580941	0.100000	0.000000	0.000000	0.100000	0.000000	0.000000	0.100000	0.000000	0.000000	0.100000	0.000000	0.000000	0.000000	0.000000	0.000000	0.000000	0.000000	0.000000	0.000000	0.000000	0.000000	0.000000	0.000000	0.000000	0.000000	0.000000	0.000000	0.000000	0.000000	0.000000	0.000000	0.000000	0.000000	0.000000	0.000000	4	4	4	5	5	5	5	16.611504	0	0	0	0	0	0.000000	0.000000	0.000000	0.000000
30.285000	1	0.018191	0.023703	-0.992695	-0.002237	-0.007415	-0.013389	-0.010735	-0.138353	0.476299	-0.010144	0.999942	0.003769	-0.999808	-0.010080	-0.016808	-0.016769	-0.003939	0.999852	-0.228000	0.091000	0.231373	0.160000	0.000000	0.000000	0.000000	0	0.000000	0.000000	0.000000	0.000000	0.000000	0.000000	-0.016809	-0.003769	1.580941	0.100000	0.000000	0.000000	0.100000	0.000000	0.000000	0.100000	0.000000	0.000000	0.100000	0.000000	0.000000	0.000000	0.000000	0.000000	0.000000	0.000000	0.000000	0.000000	0.000000	0.000000	0.000000	0.000000	0.000000	0.000000	0.000000	0.000000	0.000000	0.000000	0.000000	0.000000	0.000000	0.000000	0.000000	0.000000	4	4	4	5	5	5	5	16.611504	0	0	0	0	0	0.000000	0.000000	0.000000	0.000000
30.298000	1	0.018423	0.024445	-0.991260	0.003795	-0.010831	-0.001025	-0.010728	-0.138600	0.476225	-0.010229	0.999940	0.003883	-0.999809	-0.010163	-0.016718	-0.016678	-0.004054	0.999853	-0.228000	0.091000	0.231373	0.160000	0.000000	0.000000	0.000000	0	0.000000	0.000000	0.000000	0.000000	0.000000	0.000000	-0.016719	-0.003883	1.581025	0.100000	0.000000	0.000000	0.100000	0.000000	0.000000	0.100000	0.000000	0.000000	0.100000	0.000000	0.000000	0.000000	0.000000	0.000000	0.000000	0.000000	0.000000	0.000000	0.000000	0.000000	0.000000	0.000000	0.000000	0.000000	0.000000	0.000000	0.000000	0.000000	0.000000	0.000000	0.000000	0.000000	0.000000	0.000000	4	4	4	5	5	5	5	16.611504	0	0	0	0	0	0.000000	0.000000	0.000000	0.000000
30.313000	1	0.018423	0.024445	-0.991260	0.003795	-0.010831	-0.001025	-0.010728	-0.138600	0.476225	-0.010229	0.999940	0.003883	-0.999809	-0.010163	-0.016718	-0.016678	-0.004054	0.999853	-0.230000	0.157000	0.200000	0.160000	0.000000	0.000000	0.000000	0	0.000000	0.000000	0.000000	0.000000	0.000000	0.000000	-0.016719	-0.003883	1.581025	0.100000	0.000000	0.000000	0.100000	0.000000	0.000000	0.100000	0.000000	0.000000	0.100000	0.000000	0.000000	0.000000	0.000000	0.000000	0.000000	0.000000	0.000000	0.000000	0.000000	0.000000	0.000000	0.000000	0.000000	0.000000	0.000000	0.000000	0.000000	0.000000	0.000000	0.000000	0.000000	0.000000	0.000000	0.000000	4	4	4	5	5	5	5	16.611504	0	0	0	0	0	0.000000	0.000000	0.000000	0.000000
30.326000	1	0.017954	0.024186	-0.993174	0.007318	-0.011117	-0.006500	-0.010159	-0.138434	0.475918	-0.010223	0.999940	0.003856	-0.999809	-0.010157	-0.016662	-0.016621	-0.004026	0.999854	-0.230000	0.157000	0.200000	0.150000	0.000000	0.000000	0.000000	0	0.000000	0.000000	0.000000	0.000000	0.000000	0.000000	-0.016662	-0.003856	1.581019	0.100000	0.000000	0.000000	0.100000	0.000000	0.000000	0.100000	0.000000	0.000000	0.100000	0.000000	0.000000	0.000000	0.000000	0.000000	0.000000	0.000000	0.000000	0.000000	0.000000	0.000000	0.000000	0.000000	0.000000	0.000000	0.000000	0.000000	0.000000	0.000000	0.000000	0.000000	0.000000	0.000000	0.000000	0.000000	4	4	4	5	5	5	5	16.611504	0	0	0	0	0	0.000000	0.000000	0.000000	0.000000
30.341000	1	0.017954	0.024186	-0.993174	0.007318	-0.011117	-0.006500	-0.010159	-0.138434	0.475918	-0.010223	0.999940	0.003856	-0.999809	-0.010157	-0.016662	-0.016621	-0.004026	0.999854	-0.230000	0.157000	0.200000	0.150000	0.000000	0.000000	0.000000	0	0.000000	0.000000	0.000000	0.000000	0.000000	0.000000	-0.016662	-0.003856	1.581019	0.100000	0.000000	0.000000	0.100000	0.000000	0.000000	0.100000	0.000000	0.000000	0.100000	0.000000	0.000000	0.000000	0.000000	0.000000	0.000000	0.000000	0.000000	0.000000	0.000000	0.000000	0.000000	0.000000	0.000000	0.000000	0.000000	0.000000	0.000000	0.000000	0.000000	0.000000	0.000000	0.000000	0.000000	0.000000	4	4	4	5	5	5	5	16.611504	0	0	0	0	0	0.000000	0.000000	0.000000	0.000000
30.353001	1	0.017823	0.025047	-0.991973	0.002422	-0.002927	-0.006336	-0.009888	-0.138831	0.476352	-0.010135	0.999942	0.003790	-0.999812	-0.010071	-0.016565	-0.016526	-0.003957	0.999856	-0.142000	0.092000	0.184314	0.150000	0.000000	0.000000	0.000000	0	0.000000	0.000000	0.000000	0.000000	0.000000	0.000000	-0.016566	-0.003790	1.580932	0.100000	0.000000	0.000000	0.100000	0.000000	0.000000	0.100000	0.000000	0.000000	0.100000	0.000000	0.000000	0.000000	0.000000	0.000000	0.000000	0.000000	0.000000	0.000000	0.000000	0.000000	0.000000	0.000000	0.000000	0.000000	0.000000	0.000000	0.000000	0.000000	0.000000	0.000000	0.000000	0.000000	0.000000	0.000000	4	4	4	5	5	5	5	16.611504	0	0	0	0	0	0.000000	0.000000	0.000000	0.000000
30.375999	1	0.017823	0.025047	-0.991973	0.002422	-0.002927	-0.006336	-0.009888	-0.138831	0.476352	-0.010135	0.999942	0.003790	-0.999812	-0.010071	-0.016565	-0.016526	-0.003957	0.999856	-0.142000	0.092000	0.184314	0.180000	0.000000	0.000000	0.000000	0	0.000000	0.000000	0.000000	0.000000	0.000000	0.000000	-0.016566	-0.003790	1.580932	0.100000	0.000000	0.000000	0.100000	0.000000	0.000000	0.100000	0.000000	0.000000	0.100000	0.000000	0.000000	0.000000	0.000000	0.000000	0.000000	0.000000	0.000000	0.000000	0.000000	0.000000	0.000000	0.000000	0.000000	0.000000	0.000000	0.000000	0.000000	0.000000	0.000000	0.000000	0.000000	0.000000	0.000000	0.000000	4	4	4	5	5	5	5	16.611504	0	0	0	0	0	0.000000	0.000000	0.000000	0.000000
30.391001	1	0.018188	0.023095	-0.992571	0.004091	-0.007192	0.000653	-0.010149	-0.138568	0.476172	-0.010259	0.999941	0.003650	-0.999812	-0.010197	-0.016509	-0.016471	-0.003819	0.999857	-0.142000	0.092000	0.184314	0.180000	0.000000	0.000000	0.000000	0	0.000000	0.000000	0.000000	0.000000	0.000000	0.000000	-0.016510	-0.003650	1.581055	0.100000	0.000000	0.000000	0.100000	0.000000	0.000000	0.100000	0.000000	0.000000	0.100000	0.000000	0.000000	0.000000	0.000000	0.000000	0.000000	0.000000	0.000000	0.000000	0.000000	0.000000	0.000000	0.000000	0.000000	0.000000	0.000000	0.000000	0.000000	0.000000	0.000000	0.000000	0.000000	0.000000	0.000000	0.000000	4	4	4	5	5	5	5	16.611504	0	0	0	0	0	0.000000	0.000000	0.000000	0.000000
30.403999	1	0.018188	0.023095	-0.992571	0.004091	-0.007192	0.000653	-0.010149	-0.138568	0.476172	-0.010259	0.999941	0.003650	-0.999812	-0.010197	-0.016509	-0.016471	-0.003819	0.999857	0.028000	-0.054000	0.184314	0.180000	0.000000	0.000000	0.000000	0	0.000000	0.000000	0.000000	0.000000	0.000000	0.000000	-0.016510	-0.003650	1.581055	0.100000	0.000000	0.000000	0.100000	0.000000	0.000000	0.100000	0.000000	0.000000	0.100000	0.000000	0.000000	0.000000	0.000000	0.000000	0.000000	0.000000	0.000000	0.000000	0.000000	0.000000	0.000000	0.000000	0.000000	0.000000	0.000000	0.000000	0.000000	0.000000	0.000000	0.000000	0.000000	0.000000	0.000000	0.000000	4	4	4	5	5	5	5	16.611504	0	0	0	0	0	0.000000	0.000000	0.000000	0.000000
30.419001	1	0.018812	0.024673	-0.993434	0.005201	-0.013603	-0.003783	-0.010349	-0.138666	0.476255	-0.010036	0.999942	0.003778	-0.999817	-0.009973	-0.016353	-0.016315	-0.003941	0.999859	0.028000	-0.054000	0.184314	0.130000	0.000000	0.000000	0.000000	0	0.000000	0.000000	0.000000	0.000000	0.000000	0.000000	-0.016354	-0.003778	1.580833	0.100000	0.000000	0.000000	0.100000	0.000000	0.000000	0.100000	0.000000	0.000000	0.100000	0.000000	0.000000	0.000000	0.000000	0.000000	0.000000	0.000000	0.000000	0.000000	0.000000	0.000000	0.000000	0.000000	0.000000	0.000000	0.000000	0.000000	0.000000	0.000000	0.000000	0.000000	0.000000	0.000000	0.000000	0.000000	4	4	4	5	5	5	5	16.611504	0	0	0	0	0	0.000000	0.000000	0.000000	0.000000
30.431000	1	0.018812	0.024673	-0.993434	0.005201	-0.013603	-0.003783	-0.010349	-0.138666	0.476255	-0.010036	0.999942	0.003778	-0.999817	-0.009973	-0.016353	-0.016315	-0.003941	0.999859	0.028000	-0.054000	0.184314	0.130000	0.000000	0.000000	0.000000	0	0.000000	0.000000	0.000000	0.000000	0.000000	0.000000	-0.016354	-0.003778	1.580833	0.100000	0.000000	0.000000	0.100000	0.000000	0.000000	0.100000	0.000000	0.000000	0.100000	0.000000	0.000000	0.000000	0.000000	0.000000	0.000000	0.000000	0.000000	0.000000	0.000000	0.000000	0.000000	0.000000	0.000000	0.000000	0.000000	0.000000	0.000000	0.000000	0.000000	0.000000	0.000000	0.000000	0.000000	0.000000	4	4	4	5	5	5	5	16.611504	0	0	0	0	0	0.000000	0.000000	0.000000	0.000000
30.444000	1	0.018189	0.024803	-0.992100	0.004112	-0.002386	0.003772	-0.009937	-0.138799	0.476049	-0.010084	0.999942	0.003676	-0.999817	-0.010023	-0.016302	-0.016264	-0.003840	0.999860	0.161000	-0.138000	0.294118	0.130000	0.000000	0.000000	0.000000	0	0.000000	0.000000	0.000000	0.000000	0.000000	0.000000	-0.016303	-0.003676	1.580881	0.100000	0.000000	0.000000	0.100000	0.000000	0.000000	0.100000	0.000000	0.000000	0.100000	0.000000	0.000000	0.000000	0.000000	0.000000	0.000000	0.000000	0.000000	0.000000	0.000000	0.000000	0.000000	0.000000	0.000000	0.000000	0.000000	0.000000	0.000000	0.000000	0.000000	0.000000	0.000000	0.000000	0.000000	0.000000	4	4	4	5	5	5	5	16.611504	0	0	0	0	0	0.000000	0.000000	0.000000	0.000000
30.459000	1	0.018189	0.024803	-0.992100	0.004112	-0.002386	0.003772	-0.009937	-0.138799	0.476049	-0.010084	0.999942	0.003676	-0.999817	-0.010023	-0.016302	-0.016264	-0.003840	0.999860	0.161000	-0.138000	0.294118	0.130000	0.000000	0.000000	0.000000	0	0.000000	0.000000	0.000000	0.000000	0.000000	0.000000	-0.016303	-0.003676	1.580881	0.100000	0.000000	0.000000	0.100000	0.000000	0.000000	0.100000	0.000000	0.000000	0.100000	0.000000	0.000000	0.000000	0.000000	0.000000	0.000000	0.000000	0.000000	0.000000	0.000000	0.000000	0.000000	0.000000	0.000000	0.000000	0.000000	0.000000	0.000000	0.000000	0.000000	0.000000	0.000000	0.000000	0.000000	0.000000	4	4	4	5	5	5	5	16.611504	0	0	0	0	0	0.000000	0.000000	0.000000	0.000000
30.471001	1	0.019287	0.025172	-0.992004	0.003058	-0.003241	-0.000829	-0.009957	-0.138436	0.475742	-0.010020	0.999943	0.003644	-0.999816	-0.009960	-0.016361	-0.016323	-0.003808	0.999860	0.161000	-0.138000	0.294118	0.130000	0.000000	0.000000	0.000000	0	0.000000	0.000000	0.000000	0.000000	0.000000	0.000000	-0.016361	-0.003644	1.580817	0.100000	0.000000	0.000000	0.100000	0.000000	0.000000	0.100000	0.000000	0.000000	0.100000	0.000000	0.000000	0.000000	0.000000	0.000000	0.000000	0.000000	0.000000	0.000000	0.000000	0.000000	0.000000	0.000000	0.000000	0.000000	0.000000	0.000000	0.000000	0.000000	0.000000	0.000000	0.000000	0.000000	0.000000	0.000000	4	4	4	5	5	5	5	16.611504	0	0	0	0	0	0.000000	0.000000	0.000000	0.000000
30.486000	1	0.019287	0.025172	-0.992004	0.003058	-0.003241	-0.000829	-0.009957	-0.138436	0.475742	-0.010020	0.999943	0.003644	-0.999816	-0.009960	-0.016361	-0.016323	-0.003808	0.999860	-0.041000	0.339000	0.000000	0.130000	0.000000	0.000000	0.000000	0	0.000000	0.000000	0.000000	0.000000	0.000000	0.000000	-0.016361	-0.003644	1.580817	0.100000	0.000000	0.000000	0.100000	0.000000	0.000000	0.100000	0.000000	0.000000	0.100000	0.000000	0.000000	0.000000	0.000000	0.000000	0.000000	0.000000	0.000000	0.000000	0.000000	0.000000	0.000000	0.000000	0.000000	0.000000	0.000000	0.000000	0.000000	0.000000	0.000000	0.000000	0.000000	0.000000	0.000000	0.000000	4	4	4	5	5	5	5	16.611504	0	0	0	0	0	0.000000	0.000000	0.000000	0.000000
30.499001	1	0.018430	0.024317	-0.991981	0.001566	-0.011433	0.005005	-0.010457	-0.138230	0.475828	-0.010179	0.999941	0.003682	-0.999815	-0.010117	-0.016392	-0.016354	-0.003848	0.999859	-0.041000	0.339000	0.000000	0.200000	0.000000	0.000000	0.000000	0	0.000000	0.000000	0.000000	0.000000	0.000000	0.000000	-0.016393	-0.003682	1.580976	0.100000	0.000000	0.000000	0.100000	0.000000	0.000000	0.100000	0.000000	0.000000	0.100000	0.000000	0.000000	0.000000	0.000000	0.000000	0.000000	0.000000	0.000000	0.000000	0.000000	0.000000	0.000000	0.000000	0.000000	0.000000	0.000000	0.000000	0.000000	0.000000	0.000000	0.000000	0.000000	0.000000	0.000000	0.000000	4	4	4	5	5	5	5	16.611504	0	0	0	0	0	0.000000	0.000000	0.000000	0.000000
30.511000	1	0.018430	0.024317	-0.991981	0.001566	-0.011433	0.005005	-0.010457	-0.138230	0.475828	-0.010179	0.999941	0.003682	-0.999815	-0.010117	-0.016392	-0.016354	-0.003848	0.999859	-0.041000	0.339000	0.000000	0.200000	0.000000	0.000000	0.000000	0	0.000000	0.000000	0.000000	0.000000	0.000000	0.000000	-0.016393	-0.003682	1.580976	0.100000	0.000000	0.000000	0.100000	0.000000	0.000000	0.100000	0.000000	0.000000	0.100000	0.000000	0.000000	0.000000	0.000000	0.000000	0.000000	0.000000	0.000000	0.000000	0.000000	0.000000	0.000000	0.000000	0.000000	0.000000	0.000000	0.000000	0.000000	0.000000	0.000000	0.000000	0.000000	0.000000	0.000000	0.000000	4	4	4	5	5	5	5	16.611504	0	0	0	0	0	0.000000	0.000000	0.000000	0.000000
30.525999	1	0.017706	0.024432	-0.992689	-0.000426	-0.000888	-0.003814	-0.010288	-0.138339	0.475853	-0.010165	0.999942	0.003599	-0.999813	-0.010105	-0.016478	-0.016440	-0.003766	0.999858	0.000000	0.000000	0.000000	0.200000	0.000000	0.000000	0.000000	0	0.000000	0.000000	0.000000	0.000000	0.000000	0.000000	-0.016479	-0.003599	1.580962	0.100000	0.000000	0.000000	0.100000	0.000000	0.000000	0.100000	0.000000	0.000000	0.100000	0.000000	0.000000	0.000000	0.000000	0.000000	0.000000	0.000000	0.000000	0.000000	0.000000	0.000000	0.000000	0.000000	0.000000	0.000000	0.000000	0.000000	0.000000	0.000000	0.000000	0.000000	0.000000	0.000000	0.000000	0.000000	4	4	4	5	5	5	5	16.611504	0	0	0	0	0	0.000000	0.000000	0.000000	0.000000
30.539000	1	0.017706	0.024432	-0.992689	-0.000426	-0.000888	-0.003814	-0.010288	-0.138339	0.475853	-0.010165	0.999942	0.003599	-0.999813	-0.010105	-0.016478	-0.016440	-0.003766	0.999858	0.000000	0.000000	0.000000	0.170000	0.000000	0.000000	0.000000	0	0.000000	0.000000	0.000000	0.000000	0.000000	0.000000	-0.016479	-0.003599	1.580962	0.100000	0.000000	0.000000	0.100000	0.000000	0.000000	0.100000	0.000000	0.000000	0.100000	0.000000	0.000000	0.000000	0.000000	0.000000	0.000000	0.000000	0.000000	0.000000	0.000000	0.000000	0.000000	0.000000	0.000000	0.000000	0.000000	0.000000	0.000000	0.000000	0.000000	0.000000	0.000000	0.000000	0.000000	0.000000	4	4	4	5	5	5	5	16.611504	0	0	0	0	0	0.000000	0.000000	0.000000	0.000000
30.552999	1	0.018304	0.023832	-0.991735	-0.002554	0.001740	-0.001321	-0.010479	-0.138724	0.475900	-0.010114	0.999943	0.003424	-0.999812	-0.010056	-0.016594	-0.016559	-0.003591	0.999856	0.000000	0.000000	0.000000	0.170000	0.000000	0.000000	0.000000	0	0.000000	0.000000	0.000000	0.000000	0.000000	0.000000	-0.016595	-0.003424	1.580911	0.100000	0.000000	0.000000	0.100000	0.000000	0.000000	0.100000	0.000000	0.000000	0.100000	0.000000	0.000000	0.000000	0.000000	0.000000	0.000000	0.000000	0.000000	0.000000	0.000000	0.000000	0.000000	0.000000	0.000000	0.000000	0.000000	0.000000	0.000000	0.000000	0.000000	0.000000	0.000000	0.000000	0.000000	0.000000	4	4	4	5	5	5	5	16.611504	0	0	0	0	0	0.000000	0.000000	0.000000	0.000000
30.566000	1	0.018304	0.023832	-0.991735	-0.002554	0.001740	-0.001321	-0.010479	-0.138724	0.475900	-0.010114	0.999943	0.003424	-0.999812	-0.010056	-0.016594	-0.016559	-0.003591	0.999856	-0.238000	0.184000	0.184314	0.170000	0.000000	0.000000	0.000000	0	0.000000	0.000000	0.000000	0.000000	0.000000	0.000000	-0.016595	-0.003424	1.580911	0.100000	0.000000	0.000000	0.100000	0.000000	0.000000	0.100000	0.000000	0.000000	0.100000	0.000000	0.000000	0.000000	0.000000	0.000000	0.000000	0.000000	0.000000	0.000000	0.000000	0.000000	0.000000	0.000000	0.000000	0.000000	0.000000	0.000000	0.000000	0.000000	0.000000	0.000000	0.000000	0.000000	0.000000	0.000000	4	4	4	5	5	5	5	16.611504	0	0	0	0	0	0.000000	0.000000	0.000000	0.000000
30.577999	1	0.018557	0.023582	-0.992701	-0.000179	-0.014923	0.002207	-0.010288	-0.137972	0.475721	-0.010278	0.999941	0.003618	-0.999807	-0.010216	-0.016797	-0.016759	-0.003790	0.999852	-0.238000	0.184000	0.184314	0.160000	0.000000	0.000000	0.000000	0	0.000000	0.000000	0.000000	0.000000	0.000000	0.000000	-0.016798	-0.003619	1.581075	0.100000	0.000000	0.000000	0.100000	0.000000	0.000000	0.100000	0.000000	0.000000	0.100000	0.000000	0.000000	0.000000	0.000000	0.000000	0.000000	0.000000	0.000000	0.000000	0.000000	0.000000	0.000000	0.000000	0.000000	0.000000	0.000000	0.000000	0.000000	0.000000	0.000000	0.000000	0.000000	0.000000	0.000000	0.000000	4	4	4	5	5	5	5	16.611504	0	0	0	0	0	0.000000	0.000000	0.000000	0.000000
30.593000	1	0.018557	0.023582	-0.992701	-0.000179	-0.014923	0.002207	-0.010288	-0.137972	0.475721	-0.010278	0.999941	0.003618	-0.999807	-0.010216	-0.016797	-0.016759	-0.003790	0.999852	-0.238000	0.184000	0.184314	0.160000	0.000000	0.000000	0.000000	0	0.000000	0.000000	0.000000	0.000000	0.000000	0.000000	-0.016798	-0.003619	1.581075	0.100000	0.000000	0.000000	0.100000	0.000000	0.000000	0.100000	0.000000	0.000000	0.100000	0.000000	0.000000	0.000000	0.000000	0.000000	0.000000	0.000000	0.000000	0.000000	0.000000	0.000000	0.000000	0.000000	0.000000	0.000000	0.000000	0.000000	0.000000	0.000000	0.000000	0.000000	0.000000	0.000000	0.000000	0.000000	4	4	4	5	5	5	5	16.611504	0	0	0	0	0	0.000000	0.000000	0.000000	0.000000
30.606001	1	0.018067	0.024924	-0.992098	0.005047	-0.008199	-0.003718	-0.010304	-0.138509	0.476029	-0.010237	0.999941	0.003733	-0.999809	-0.010174	-0.016709	-0.016670	-0.003903	0.999853	-0.247000	0.186000	0.215686	0.160000	0.000000	0.000000	0.000000	0	0.000000	0.000000	0.000000	0.000000	0.000000	0.000000	-0.016710	-0.003733	1.581034	0.100000	0.000000	0.000000	0.100000	0.000000	0.000000	0.100000	0.000000	0.000000	0.100000	0.000000	0.000000	0.000000	0.000000	0.000000	0.000000	0.000000	0.000000	0.000000	0.000000	0.000000	0.000000	0.000000	0.000000	0.000000	0.000000	0.000000	0.000000	0.000000	0.000000	0.000000	0.000000	0.000000	0.000000	0.000000	4	4	4	5	5	5	5	16.611504	0	0	0	0	0	0.000000	0.000000	0.000000	0.000000
30.621000	1	0.018067	0.024924	-0.992098	0.005047	-0.008199	-0.003718	-0.010304	-0.138509	0.476029	-0.010237	0.999941	0.003733	-0.999809	-0.010174	-0.016709	-0.016670	-0.003903	0.999853	-0.247000	0.186000	0.215686	0.140000	0.000000	0.000000	0.000000	0	0.000000	0.000000	0.000000	0.000000	0.000000	0.000000	-0.016710	-0.003733	1.581034	0.100000	0.000000	0.000000	0.100000	0.000000	0.000000	0.100000	0.000000	0.000000	0.100000	0.000000	0.000000	0.000000	0.000000	0.000000	0.000000	0.000000	0.000000	0.000000	0.000000	0.000000	0.000000	0.000000	0.000000	0.000000	0.000000	0.000000	0.000000	0.000000	0.000000	0.000000	0.000000	0.000000	0.000000	0.000000	4	4	4	5	5	5	5	16.611504	0	0	0	0	0	0.000000	0.000000	0.000000	0.000000
30.634001	1	0.017587	0.025162	-0.992691	0.004170	-0.002846	0.009005	-0.010249	-0.138062	0.475509	-0.010353	0.999939	0.003763	-0.999808	-0.010288	-0.016690	-0.016650	-0.003935	0.999854	-0.247000	0.186000	0.215686	0.140000	0.000000	0.000000	0.000000	0	0.000000	0.000000	0.000000	0.000000	0.000000	0.000000	-0.016691	-0.003763	1.581149	0.100000	0.000000	0.000000	0.100000	0.000000	0.000000	0.100000	0.000000	0.000000	0.100000	0.000000	0.000000	0.000000	0.000000	0.000000	0.000000	0.000000	0.000000	0.000000	0.000000	0.000000	0.000000	0.000000	0.000000	0.000000	0.000000	0.000000	0.000000	0.000000	0.000000	0.000000	0.000000	0.000000	0.000000	0.000000	4	4	4	5	5	5	5	16.611504	0	0	0	0	0	0.000000	0.000000	0.000000	0.000000
30.646000	1	0.017587	0.025162	-0.992691	0.004170	-0.002846	0.009005	-0.010249	-0.138062	0.475509	-0.010353	0.999939	0.003763	-0.999808	-0.010288	-0.016690	-0.016650	-0.003935	0.999854	-0.226000	0.056000	0.262745	0.140000	0.000000	0.000000	0.000000	0	0.000000	0.000000	0.000000	0.000000	0.000000	0.000000	-0.016691	-0.003763	1.581149	0.100000	0.000000	0.000000	0.100000	0.000000	0.000000	0.100000	0.000000	0.000000	0.100000	0.000000	0.000000	0.000000	0.000000	0.000000	0.000000	0.000000	0.000000	0.000000	0.000000	0.000000	0.000000	0.000000	0.000000	0.000000	0.000000	0.000000	0.000000	0.000000	0.000000	0.000000	0.000000	0.000000	0.000000	0.000000	4	4	4	5	5	5	5	16.611504	0	0	0	0	0	0.000000	0.000000	0.000000	0.000000
30.660999	1	0.018680	0.024558	-0.992469	0.001302	0.001295	-0.002881	-0.010162	-0.138051	0.475728	-0.010330	0.999940	0.003603	-0.999807	-0.010268	-0.016758	-0.016720	-0.003775	0.999853	-0.226000	0.056000	0.262745	0.150000	0.000000	0.000000	0.000000	0	0.000000	0.000000	0.000000	0.000000	0.000000	0.000000	-0.016759	-0.003603	1.581126	0.100000	0.000000	0.000000	0.100000	0.000000	0.000000	0.100000	0.000000	0.000000	0.100000	0.000000	0.000000	0.000000	0.000000	0.000000	0.000000	0.000000	0.000000	0.000000	0.000000	0.000000	0.000000	0.000000	0.000000	0.000000	0.000000	0.000000	0.000000	0.000000	0.000000	0.000000	0.000000	0.000000	0.000000	0.000000	4	4	4	5	5	5	5	16.611504	0	0	0	0	0	0.000000	0.000000	0.000000	0.000000
30.674000	1	0.018680	0.024558	-0.992469	0.001302	0.001295	-0.002881	-0.010162	-0.138051	0.475728	-0.010330	0.999940	0.003603	-0.999807	-0.010268	-0.016758	-0.016720	-0.003775	0.999853	-0.226000	0.056000	0.262745	0.150000	0.000000	0.000000	0.000000	0	0.000000	0.000000	0.000000	0.000000	0.000000	0.000000	-0.016759	-0.003603	1.581126	0.100000	0.000000	0.000000	0.100000	0.000000	0.000000	0.100000	0.000000	0.000000	0.100000	0.000000	0.000000	0.000000	0.000000	0.000000	0.000000	0.000000	0.000000	0.000000	0.000000	0.000000	0.000000	0.000000	0.000000	0.000000	0.000000	0.000000	0.000000	0.000000	0.000000	0.000000	0.000000	0.000000	0.000000	0.000000	4	4	4	5	5	5	5	16.611504	0	0	0	0	0	0.000000	0.000000	0.000000	0.000000
30.688999	1	0.018201	0.024184	-0.993419	0.008595	-0.001392	0.007255	-0.010019	-0.137760	0.475230	-0.010429	0.999940	0.003459	-0.999806	-0.010369	-0.016754	-0.016717	-0.003633	0.999854	0.000000	0.000000	0.000000	0.150000	0.000000	0.000000	0.000000	0	0.000000	0.000000	0.000000	0.000000	0.000000	0.000000	-0.016755	-0.003459	1.581225	0.100000	0.000000	0.000000	0.100000	0.000000	0.000000	0.100000	0.000000	0.000000	0.100000	0.000000	0.000000	0.000000	0.000000	0.000000	0.000000	0.000000	0.000000	0.000000	0.000000	0.000000	0.000000	0.000000	0.000000	0.000000	0.000000	0.000000	0.000000	0.000000	0.000000	0.000000	0.000000	0.000000	0.000000	0.000000	4	4	4	5	5	5	5	16.611504	0	0	0	0	0	0.000000	0.000000	0.000000	0.000000
30.701000	1	0.018201	0.024184	-0.993419	0.008595	-0.001392	0.007255	-0.010019	-0.137760	0.475230	-0.010429	0.999940	0.003459	-0.999806	-0.010369	-0.016754	-0.016717	-0.003633	0.999854	0.000000	0.000000	0.000000	0.160000	0.000000	0.000000	0.000000	0	0.000000	0.000000	0.000000	0.000000	0.000000	0.000000	-0.016755	-0.003459	1.581225	0.100000	0.000000	0.000000	0.100000	0.000000	0.000000	0.100000	0.000000	0.000000	0.100000	0.000000	0.000000	0.000000	0.000000	0.000000	0.000000	0.000000	0.000000	0.000000	0.000000	0.000000	0.000000	0.000000	0.000000	0.000000	0.000000	0.000000	0.000000	0.000000	0.000000	0.000000	0.000000	0.000000	0.000000	0.000000	4	4	4	5	5	5	5	16.611504	0	0	0	0	0	0.000000	0.000000	0.000000	0.000000
30.714001	1	0.018316	0.024067	-0.992819	-0.000983	-0.011149	0.008272	-0.009867	-0.138358	0.475549	-0.010533	0.999938	0.003523	-0.999804	-0.010472	-0.016816	-0.016778	-0.003700	0.999852	0.000000	0.000000	0.000000	0.160000	0.000000	0.000000	0.000000	0	0.000000	0.000000	0.000000	0.000000	0.000000	0.000000	-0.016817	-0.003523	1.581329	0.100000	0.000000	0.000000	0.100000	0.000000	0.000000	0.100000	0.000000	0.000000	0.100000	0.000000	0.000000	0.000000	0.000000	0.000000	0.000000	0.000000	0.000000	0.000000	0.000000	0.000000	0.000000	0.000000	0.000000	0.000000	0.000000	0.000000	0.000000	0.000000	0.000000	0.000000	0.000000	0.000000	0.000000	0.000000	4	4	4	5	5	5	5	16.611504	0	0	0	0	0	0.000000	0.000000	0.000000	0.000000
30.728001	1	0.018316	0.024067	-0.992819	-0.000983	-0.011149	0.008272	-0.009867	-0.138358	0.475549	-0.010533	0.999938	0.003523	-0.999804	-0.010472	-0.016816	-0.016778	-0.003700	0.999852	-0.091000	0.185000	0.168627	0.160000	0.000000	0.000000	0.000000	0	0.000000	0.000000	0.000000	0.000000	0.000000	0.000000	-0.016817	-0.003523	1.581329	0.100000	0.000000	0.000000	0.100000	0.000000	0.000000	0.100000	0.000000	0.000000	0.100000	0.000000	0.000000	0.000000	0.000000	0.000000	0.000000	0.000000	0.000000	0.000000	0.000000	0.000000	0.000000	0.000000	0.000000	0.000000	0.000000	0.000000	0.000000	0.000000	0.000000	0.000000	0.000000	0.000000	0.000000	0.000000	4	4	4	5	5	5	5	16.611504	0	0	0	0	0	0.000000	0.000000	0.000000	0.000000
30.740999	1	0.018556	0.024071	-0.992464	-0.001146	0.000867	-0.003818	-0.010446	-0.138283	0.475577	-0.010322	0.999941	0.003442	-0.999804	-0.010262	-0.016926	-0.016890	-0.003616	0.999851	-0.091000	0.185000	0.168627	0.160000	0.000000	0.000000	0.000000	0	0.000000	0.000000	0.000000	0.000000	0.000000	0.000000	-0.016927	-0.003442	1.581119	0.100000	0.000000	0.000000	0.100000	0.000000	0.000000	0.100000	0.000000	0.000000	0.100000	0.000000	0.000000	0.000000	0.000000	0.000000	0.000000	0.000000	0.000000	0.000000	0.000000	0.000000	0.000000	0.000000	0.000000	0.000000	0.000000	0.000000	0.000000	0.000000	0.000000	0.000000	0.000000	0.000000	0.000000	0.000000	4	4	4	5	5	5	5	16.611504	0	0	0	0	0	0.000000	0.000000	0.000000	0.000000
30.756001	1	0.018556	0.024071	-0.992464	-0.001146	0.000867	-0.003818	-0.010446	-0.138283	0.475577	-0.010322	0.999941	0.003442	-0.999804	-0.010262	-0.016926	-0.016890	-0.003616	0.999851	-0.091000	0.185000	0.168627	0.160000	0.000000	0.000000	0.000000	0	0.000000	0.000000	0.000000	0.000000	0.000000	0.000000	-0.016927	-0.003442	1.581119	0.100000	0.000000	0.000000	0.100000	0.000000	0.000000	0.100000	0.000000	0.000000	0.100000	0.000000	0.000000	0.000000	0.000000	0.000000	0.000000	0.000000	0.000000	0.000000	0.000000	0.000000	0.000000	0.000000	0.000000	0.000000	0.000000	0.000000	0.000000	0.000000	0.000000	0.000000	0.000000	0.000000	0.000000	0.000000	4	4	4	5	5	5	5	16.611504	0	0	0	0	0	0.000000	0.000000	0.000000	0.000000
30.768999	1	0.018546	0.023584	-0.992340	-0.000420	-0.002637	-0.003930	-0.009873	-0.138068	0.475716	-0.010407	0.999940	0.003402	-0.999802	-0.010348	-0.016976	-0.016940	-0.003578	0.999850	0.027000	0.167000	0.168627	0.160000	0.000000	0.000000	0.000000	0	0.000000	0.000000	0.000000	0.000000	0.000000	0.000000	-0.016977	-0.003402	1.581204	0.100000	0.000000	0.000000	0.100000	0.000000	0.000000	0.100000	0.000000	0.000000	0.100000	0.000000	0.000000	0.000000	0.000000	0.000000	0.000000	0.000000	0.000000	0.000000	0.000000	0.000000	0.000000	0.000000	0.000000	0.000000	0.000000	0.000000	0.000000	0.000000	0.000000	0.000000	0.000000	0.000000	0.000000	0.000000	4	4	4	5	5	5	5	16.611504	0	0	0	0	0	0.000000	0.000000	0.000000	0.000000
30.781000	1	0.018546	0.023584	-0.992340	-0.000420	-0.002637	-0.003930	-0.009873	-0.138068	0.475716	-0.010407	0.999940	0.003402	-0.999802	-0.010348	-0.016976	-0.016940	-0.003578	0.999850	0.027000	0.167000	0.168627	0.160000	0.000000	0.000000	0.000000	0	0.000000	0.000000	0.000000	0.000000	0.000000	0.000000	-0.016977	-0.003402	1.581204	0.100000	0.000000	0.000000	0.100000	0.000000	0.000000	0.100000	0.000000	0.000000	0.100000	0.000000	0.000000	0.000000	0.000000	0.000000	0.000000	0.000000	0.000000	0.000000	0.000000	0.000000	0.000000	0.000000	0.000000	0.000000	0.000000	0.000000	0.000000	0.000000	0.000000	0.000000	0.000000	0.000000	0.000000	0.000000	4	4	4	5	5	5	5	16.611504	0	0	0	0	0	0.000000	0.000000	0.000000	0.000000
30.796000	1	0.017095	0.023816	-0.993395	0.005602	-0.007199	0.007723	-0.009992	-0.138412	0.475414	-0.010515	0.999939	0.003373	-0.999802	-0.010457	-0.016946	-0.016910	-0.003551	0.999851	0.027000	0.167000	0.168627	0.160000	0.000000	0.000000	0.000000	0	0.000000	0.000000	0.000000	0.000000	0.000000	0.000000	-0.016947	-0.003373	1.581312	0.100000	0.000000	0.000000	0.100000	0.000000	0.000000	0.100000	0.000000	0.000000	0.100000	0.000000	0.000000	0.000000	0.000000	0.000000	0.000000	0.000000	0.000000	0.000000	0.000000	0.000000	0.000000	0.000000	0.000000	0.000000	0.000000	0.000000	0.000000	0.000000	0.000000	0.000000	0.000000	0.000000	0.000000	0.000000	4	4	4	5	5	5	5	16.611504	0	0	0	0	0	0.000000	0.000000	0.000000	0.000000
30.809000	1	0.017095	0.023816	-0.993395	0.005602	-0.007199	0.007723	-0.009992	-0.138412	0.475414	-0.010515	0.999939	0.003373	-0.999802	-0.010457	-0.016946	-0.016910	-0.003551	0.999851	0.000000	0.000000	0.000000	0.160000	0.000000	0.000000	0.000000	0	0.000000	0.000000	0.000000	0.000000	0.000000	0.000000	-0.016947	-0.003373	1.581312	0.100000	0.000000	0.000000	0.100000	0.000000	0.000000	0.100000	0.000000	0.000000	0.100000	0.000000	0.000000	0.000000	0.000000	0.000000	0.000000	0.000000	0.000000	0.000000	0.000000	0.000000	0.000000	0.000000	0.000000	0.000000	0.000000	0.000000	0.000000	0.000000	0.000000	0.000000	0.000000	0.000000	0.000000	0.000000	4	4	4	5	5	5	5	16.611504	0	0	0	0	0	0.000000	0.000000	0.000000	0.000000
30.823999	1	0.018926	0.024674	-0.993316	0.004750	-0.005547	-0.003894	-0.010043	-0.138424	0.474975	-0.010339	0.999941	0.003389	-0.999805	-0.010281	-0.016858	-0.016822	-0.003563	0.999852	0.000000	0.000000	0.000000	0.130000	0.000000	0.000000	0.000000	0	0.000000	0.000000	0.000000	0.000000	0.000000	0.000000	-0.016859	-0.003389	1.581136	0.100000	0.000000	0.000000	0.100000	0.000000	0.000000	0.100000	0.000000	0.000000	0.100000	0.000000	0.000000	0.000000	0.000000	0.000000	0.000000	0.000000	0.000000	0.000000	0.000000	0.000000	0.000000	0.000000	0.000000	0.000000	0.000000	0.000000	0.000000	0.000000	0.000000	0.000000	0.000000	0.000000	0.000000	0.000000	4	4	4	5	5	5	5	16.611504	0	0	0	0	0	0.000000	0.000000	0.000000	0.000000
30.836000	1	0.018926	0.024674	-0.993316	0.004750	-0.005547	-0.003894	-0.010043	-0.138424	0.474975	-0.010339	0.999941	0.003389	-0.999805	-0.010281	-0.016858	-0.016822	-0.003563	0.999852	0.000000	0.000000	0.000000	0.130000	0.000000	0.000000	0.000000	0	0.000000	0.000000	0.000000	0.000000	0.000000	0.000000	-0.016859	-0.003389	1.581136	0.100000	0.000000	0.000000	0.100000	0.000000	0.000000	0.100000	0.000000	0.000000	0.100000	0.000000	0.000000	0.000000	0.000000	0.000000	0.000000	0.000000	0.000000	0.000000	0.000000	0.000000	0.000000	0.000000	0.000000	0.000000	0.000000	0.000000	0.000000	0.000000	0.000000	0.000000	0.000000	0.000000	0.000000	0.000000	4	4	4	5	5	5	5	16.611504	0	0	0	0	0	0.000000	0.000000	0.000000	0.000000
30.849001	1	0.019160	0.023828	-0.992595	0.003724	-0.010103	0.005793	-0.010565	-0.138565	0.475547	-0.010410	0.999940	0.003505	-0.999806	-0.010350	-0.016769	-0.016732	-0.003679	0.999853	-0.345000	0.147000	0.000000	0.130000	0.000000	0.000000	0.000000	0	0.000000	0.000000	0.000000	0.000000	0.000000	0.000000	-0.016770	-0.003505	1.581207	0.100000	0.000000	0.000000	0.100000	0.000000	0.000000	0.100000	0.000000	0.000000	0.100000	0.000000	0.000000	0.000000	0.000000	0.000000	0.000000	0.000000	0.000000	0.000000	0.000000	0.000000	0.000000	0.000000	0.000000	0.000000	0.000000	0.000000	0.000000	0.000000	0.000000	0.000000	0.000000	0.000000	0.000000	0.000000	4	4	4	5	5	5	5	16.611504	0	0	0	0	0	0.000000	0.000000	0.000000	0.000000
30.864000	1	0.019160	0.023828	-0.992595	0.003724	-0.010103	0.005793	-0.010565	-0.138565	0.475547	-0.010410	0.999940	0.003505	-0.999806	-0.010350	-0.016769	-0.016732	-0.003679	0.999853	-0.345000	0.147000	0.000000	0.130000	0.000000	0.000000	0.000000	0	0.000000	0.000000	0.000000	0.000000	0.000000	0.000000	-0.016770	-0.003505	1.581207	0.100000	0.000000	0.000000	0.100000	0.000000	0.000000	0.100000	0.000000	0.000000	0.100000	0.000000	0.000000	0.000000	0.000000	0.000000	0.000000	0.000000	0.000000	0.000000	0.000000	0.000000	0.000000	0.000000	0.000000	0.000000	0.000000	0.000000	0.000000	0.000000	0.000000	0.000000	0.000000	0.000000	0.000000	0.000000	4	4	4	5	5	5	5	16.611504	0	0	0	0	0	0.000000	0.000000	0.000000	0.000000
30.875999	1	0.017699	0.024432	-0.992689	0.004284	-0.007137	-0.007488	-0.010475	-0.137781	0.475280	-0.010367	0.999940	0.003589	-0.999807	-0.010305	-0.016756	-0.016718	-0.003762	0.999853	-0.345000	0.147000	0.000000	0.130000	0.000000	0.000000	0.000000	0	0.000000	0.000000	0.000000	0.000000	0.000000	0.000000	-0.016757	-0.003589	1.581163	0.100000	0.000000	0.000000	0.100000	0.000000	0.000000	0.100000	0.000000	0.000000	0.100000	0.000000	0.000000	0.000000	0.000000	0.000000	0.000000	0.000000	0.000000	0.000000	0.000000	0.000000	0.000000	0.000000	0.000000	0.000000	0.000000	0.000000	0.000000	0.000000	0.000000	0.000000	0.000000	0.000000	0.000000	0.000000	4	4	4	5	5	5	5	16.611504	0	0	0	0	0	0.000000	0.000000	0.000000	0.000000
30.914000	1	0.017699	0.024432	-0.992689	0.004284	-0.007137	-0.007488	-0.010475	-0.137781	0.475280	-0.010367	0.999940	0.003589	-0.999807	-0.010305	-0.016756	-0.016718	-0.003762	0.999853	0.099000	0.025000	0.200000	0.130000	0.000000	0.000000	0.000000	0	0.000000	0.000000	0.000000	0.000000	0.000000	0.000000	-0.016757	-0.003589	1.581163	0.100000	0.000000	0.000000	0.100000	0.000000	0.000000	0.100000	0.000000	0.000000	0.100000	0.000000	0.000000	0.000000	0.000000	0.000000	0.000000	0.000000	0.000000	0.000000	0.000000	0.000000	0.000000	0.000000	0.000000	0.000000	0.000000	0.000000	0.000000	0.000000	0.000000	0.000000	0.000000	0.000000	0.000000	0.000000	4	4	4	5	5	5	5	16.611504	0	0	0	0	0	0.000000	0.000000	0.000000	0.000000
30.927000	1	0.018796	0.023093	-0.993064	-0.005024	-0.004055	-0.005224	-0.010214	-0.137959	0.475602	-0.010319	0.999941	0.003517	-0.999807	-0.010258	-0.016774	-0.016737	-0.003689	0.999853	0.099000	0.025000	0.200000	0.180000	0.000000	0.000000	0.000000	0	0.000000	0.000000	0.000000	0.000000	0.000000	0.000000	-0.016775	-0.003517	1.581115	0.100000	0.000000	0.000000	0.100000	0.000000	0.000000	0.100000	0.000000	0.000000	0.100000	0.000000	0.000000	0.000000	0.000000	0.000000	0.000000	0.000000	0.000000	0.000000	0.000000	0.000000	0.000000	0.000000	0.000000	0.000000	0.000000	0.000000	0.000000	0.000000	0.000000	0.000000	0.000000	0.000000	0.000000	0.000000	4	4	4	5	5	5	5	16.611504	0	0	0	0	0	0.000000	0.000000	0.000000	0.000000
30.940001	1	0.018796	0.023093	-0.993064	-0.005024	-0.004055	-0.005224	-0.010214	-0.137959	0.475602	-0.010319	0.999941	0.003517	-0.999807	-0.010258	-0.016774	-0.016737	-0.003689	0.999853	0.099000	0.025000	0.200000	0.180000	0.000000	0.000000	0.000000	0	0.000000	0.000000	0.000000	0.000000	0.000000	0.000000	-0.016775	-0.003517	1.581115	0.100000	0.000000	0.000000	0.100000	0.000000	0.000000	0.100000	0.000000	0.000000	0.100000	0.000000	0.000000	0.000000	0.000000	0.000000	0.000000	0.000000	0.000000	0.000000	0.000000	0.000000	0.000000	0.000000	0.000000	0.000000	0.000000	0.000000	0.000000	0.000000	0.000000	0.000000	0.000000	0.000000	0.000000	0.000000	4	4	4	5	5	5	5	16.611504	0	0	0	0	0	0.000000	0.000000	0.000000	0.000000
30.955000	1	0.018915	0.023926	-0.992542	0.005360	-0.004244	-0.000592	-0.010143	-0.137920	0.475164	-0.010305	0.999941	0.003472	-0.999808	-0.010246	-0.016718	-0.016682	-0.003644	0.999854	0.296000	-0.213000	0.000000	0.180000	0.000000	0.000000	0.000000	0	0.000000	0.000000	0.000000	0.000000	0.000000	0.000000	-0.016719	-0.003472	1.581102	0.100000	0.000000	0.000000	0.100000	0.000000	0.000000	0.100000	0.000000	0.000000	0.100000	0.000000	0.000000	0.000000	0.000000	0.000000	0.000000	0.000000	0.000000	0.000000	0.000000	0.000000	0.000000	0.000000	0.000000	0.000000	0.000000	0.000000	0.000000	0.000000	0.000000	0.000000	0.000000	0.000000	0.000000	0.000000	4	4	4	5	5	5	5	16.611504	0	0	0	0	0	0.000000	0.000000	0.000000	0.000000
30.966999	1	0.018915	0.023926	-0.992542	0.005360	-0.004244	-0.000592	-0.010143	-0.137920	0.475164	-0.010305	0.999941	0.003472	-0.999808	-0.010246	-0.016718	-0.016682	-0.003644	0.999854	0.296000	-0.213000	0.000000	0.160000	0.000000	0.000000	0.000000	0	0.000000	0.000000	0.000000	0.000000	0.000000	0.000000	-0.016719	-0.003472	1.581102	0.100000	0.000000	0.000000	0.100000	0.000000	0.000000	0.100000	0.000000	0.000000	0.100000	0.000000	0.000000	0.000000	0.000000	0.000000	0.000000	0.000000	0.000000	0.000000	0.000000	0.000000	0.000000	0.000000	0.000000	0.000000	0.000000	0.000000	0.000000	0.000000	0.000000	0.000000	0.000000	0.000000	0.000000	0.000000	4	4	4	5	5	5	5	16.611504	0	0	0	0	0	0.000000	0.000000	0.000000	0.000000
