22.326000	1	0.003553	0.028117	-0.990596	0.005664	-0.007991	-0.002718	0.200079	-0.135697	0.530179	0.860822	0.508420	0.022263	-0.508020	0.861081	-0.021344	-0.030022	0.007063	0.999524	0.000000	0.000000	0.000000	0.160000	0.000000	0.000000	0.000000	0	0.000000	0.000000	0.000000	0.000000	0.000000	0.000000	-0.021350	-0.022265	0.533495	0.100000	0.000000	0.000000	0.100000	0.000000	0.000000	0.100000	0.000000	0.000000	0.100000	0.000000	0.000000	0.000000	0.000000	0.000000	0.000000	0.000000	0.000000	0.000000	0.000000	0.000000	0.000000	0.000000	0.000000	0.000000	0.000000	0.000000	0.000000	0.000000	0.000000	0.000000	0.000000	0.000000	0.000000	0.000000	4	4	4	5	5	5	5	15.988573	0	0	0	0	0	0.000000	0.000000	0.000000	0.000000
22.344000	1	0.003813	0.028249	-0.992456	0.008653	-0.005450	-0.002845	0.199594	-0.135499	0.529382	0.860974	0.508183	0.021763	-0.507796	0.861220	-0.021045	-0.029438	0.007068	0.999542	0.000000	0.000000	0.000000	0.160000	0.000000	0.000000	0.000000	0	0.000000	0.000000	0.000000	0.000000	0.000000	0.000000	-0.021051	-0.021765	0.533214	0.100000	0.000000	0.000000	0.100000	0.000000	0.000000	0.100000	0.000000	0.000000	0.100000	0.000000	0.000000	0.000000	0.000000	0.000000	0.000000	0.000000	0.000000	0.000000	0.000000	0.000000	0.000000	0.000000	0.000000	0.000000	0.000000	0.000000	0.000000	0.000000	0.000000	0.000000	0.000000	0.000000	0.000000	0.000000	4	4	4	5	5	5	5	15.988573	0	0	0	0	0	0.000000	0.000000	0.000000	0.000000
22.358999	1	0.003813	0.028249	-0.992456	0.008653	-0.005450	-0.002845	0.199594	-0.135499	0.529382	0.860974	0.508183	0.021763	-0.507796	0.861220	-0.021045	-0.029438	0.007068	0.999542	0.000000	0.000000	0.000000	0.160000	0.000000	0.000000	0.000000	0	0.000000	0.000000	0.000000	0.000000	0.000000	0.000000	-0.021051	-0.021765	0.533214	0.100000	0.000000	0.000000	0.100000	0.000000	0.000000	0.100000	0.000000	0.000000	0.100000	0.000000	0.000000	0.000000	0.000000	0.000000	0.000000	0.000000	0.000000	0.000000	0.000000	0.000000	0.000000	0.000000	0.000000	0.000000	0.000000	0.000000	0.000000	0.000000	0.000000	0.000000	0.000000	0.000000	0.000000	0.000000	4	4	4	5	5	5	5	15.957111	0	0	0	0	0	0.000000	0.000000	0.000000	0.000000
22.375000	1	0.002340	0.027229	-0.991843	0.003867	-0.013483	0.003371	0.199836	-0.135015	0.529744	0.860905	0.508298	0.021817	-0.507912	0.861153	-0.020995	-0.029459	0.006993	0.999542	0.000000	0.000000	0.000000	0.180000	0.000000	0.000000	0.000000	0	0.000000	0.000000	0.000000	0.000000	0.000000	0.000000	-0.021001	-0.021819	0.533347	0.100000	0.000000	0.000000	0.100000	0.000000	0.000000	0.100000	0.000000	0.000000	0.100000	0.000000	0.000000	0.000000	0.000000	0.000000	0.000000	0.000000	0.000000	0.000000	0.000000	0.000000	0.000000	0.000000	0.000000	0.000000	0.000000	0.000000	0.000000	0.000000	0.000000	0.000000	0.000000	0.000000	0.000000	0.000000	4	4	4	5	5	5	5	15.957111	0	0	0	0	0	0.000000	0.000000	0.000000	0.000000
22.389999	1	0.002340	0.027229	-0.991843	0.003867	-0.013483	0.003371	0.199836	-0.135015	0.529744	0.860905	0.508298	0.021817	-0.507912	0.861153	-0.020995	-0.029459	0.006993	0.999542	0.000000	0.000000	0.000000	0.180000	0.000000	0.000000	0.000000	0	0.000000	0.000000	0.000000	0.000000	0.000000	0.000000	-0.021001	-0.021819	0.533347	0.100000	0.000000	0.000000	0.100000	0.000000	0.000000	0.100000	0.000000	0.000000	0.100000	0.000000	0.000000	0.000000	0.000000	0.000000	0.000000	0.000000	0.000000	0.000000	0.000000	0.000000	0.000000	0.000000	0.000000	0.000000	0.000000	0.000000	0.000000	0.000000	0.000000	0.000000	0.000000	0.000000	0.000000	0.000000	4	4	4	5	5	5	5	15.957111	0	0	0	0	0	0.000000	0.000000	0.000000	0.000000
22.403999	1	0.002212	0.029430	-0.990527	0.001399	-0.009958	-0.000675	0.200727	-0.135823	0.529171	0.860877	0.508342	0.021895	-0.507954	0.861127	-0.021066	-0.029563	0.007014	0.999538	0.000000	0.000000	0.000000	0.180000	0.000000	0.000000	0.000000	0	0.000000	0.000000	0.000000	0.000000	0.000000	0.000000	-0.021073	-0.021896	0.533400	0.100000	0.000000	0.000000	0.100000	0.000000	0.000000	0.100000	0.000000	0.000000	0.100000	0.000000	0.000000	0.000000	0.000000	0.000000	0.000000	0.000000	0.000000	0.000000	0.000000	0.000000	0.000000	0.000000	0.000000	0.000000	0.000000	0.000000	0.000000	0.000000	0.000000	0.000000	0.000000	0.000000	0.000000	0.000000	4	4	4	5	5	5	5	15.957111	0	0	0	0	0	0.000000	0.000000	0.000000	0.000000
22.421000	1	0.002212	0.029430	-0.990527	0.001399	-0.009958	-0.000675	0.200727	-0.135823	0.529171	0.860877	0.508342	0.021895	-0.507954	0.861127	-0.021066	-0.029563	0.007014	0.999538	0.000000	0.000000	0.000000	0.150000	0.000000	0.000000	0.000000	0	0.000000	0.000000	0.000000	0.000000	0.000000	0.000000	-0.021073	-0.021896	0.533400	0.100000	0.000000	0.000000	0.100000	0.000000	0.000000	0.100000	0.000000	0.000000	0.100000	0.000000	0.000000	0.000000	0.000000	0.000000	0.000000	0.000000	0.000000	0.000000	0.000000	0.000000	0.000000	0.000000	0.000000	0.000000	0.000000	0.000000	0.000000	0.000000	0.000000	0.000000	0.000000	0.000000	0.000000	0.000000	4	4	4	5	5	5	5	15.957111	0	0	0	0	0	0.000000	0.000000	0.000000	0.000000
22.434999	1	0.001724	0.027842	-0.991109	0.005819	-0.014625	-0.004217	0.200060	-0.135411	0.529822	0.860869	0.508355	0.021912	-0.507970	0.861120	-0.020972	-0.029530	0.006923	0.999540	0.000000	0.000000	0.000000	0.150000	0.000000	0.000000	0.000000	0	0.000000	0.000000	0.000000	0.000000	0.000000	0.000000	-0.020978	-0.021914	0.533416	0.100000	0.000000	0.000000	0.100000	0.000000	0.000000	0.100000	0.000000	0.000000	0.100000	0.000000	0.000000	0.000000	0.000000	0.000000	0.000000	0.000000	0.000000	0.000000	0.000000	0.000000	0.000000	0.000000	0.000000	0.000000	0.000000	0.000000	0.000000	0.000000	0.000000	0.000000	0.000000	0.000000	0.000000	0.000000	4	4	4	5	5	5	5	15.957111	0	0	0	0	0	0.000000	0.000000	0.000000	0.000000
22.452000	1	0.001724	0.027842	-0.991109	0.005819	-0.014625	-0.004217	0.200060	-0.135411	0.529822	0.860869	0.508355	0.021912	-0.507970	0.861120	-0.020972	-0.029530	0.006923	0.999540	0.000000	0.000000	0.000000	0.150000	0.000000	0.000000	0.000000	0	0.000000	0.000000	0.000000	0.000000	0.000000	0.000000	-0.020978	-0.021914	0.533416	0.100000	0.000000	0.000000	0.100000	0.000000	0.000000	0.100000	0.000000	0.000000	0.100000	0.000000	0.000000	0.000000	0.000000	0.000000	0.000000	0.000000	0.000000	0.000000	0.000000	0.000000	0.000000	0.000000	0.000000	0.000000	0.000000	0.000000	0.000000	0.000000	0.000000	0.000000	0.000000	0.000000	0.000000	0.000000	4	4	4	5	5	5	5	15.957111	0	0	0	0	0	0.000000	0.000000	0.000000	0.000000
22.466000	1	0.003684	0.027108	-0.992227	0.009110	-0.009840	-0.003806	0.200214	-0.134981	0.529913	0.860883	0.508327	0.022001	-0.507944	0.861137	-0.020877	-0.029558	0.006797	0.999540	0.000000	0.000000	0.000000	0.150000	0.000000	0.000000	0.000000	0	0.000000	0.000000	0.000000	0.000000	0.000000	0.000000	-0.020883	-0.022003	0.533384	0.100000	0.000000	0.000000	0.100000	0.000000	0.000000	0.100000	0.000000	0.000000	0.100000	0.000000	0.000000	0.000000	0.000000	0.000000	0.000000	0.000000	0.000000	0.000000	0.000000	0.000000	0.000000	0.000000	0.000000	0.000000	0.000000	0.000000	0.000000	0.000000	0.000000	0.000000	0.000000	0.000000	0.000000	0.000000	4	4	4	5	5	5	5	15.957111	0	0	0	0	0	0.000000	0.000000	0.000000	0.000000
22.481001	1	0.003684	0.027108	-0.992227	0.009110	-0.009840	-0.003806	0.200214	-0.134981	0.529913	0.860883	0.508327	0.022001	-0.507944	0.861137	-0.020877	-0.029558	0.006797	0.999540	0.000000	0.000000	0.000000	0.150000	0.000000	0.000000	0.000000	0	0.000000	0.000000	0.000000	0.000000	0.000000	0.000000	-0.020883	-0.022003	0.533384	0.100000	0.000000	0.000000	0.100000	0.000000	0.000000	0.100000	0.000000	0.000000	0.100000	0.000000	0.000000	0.000000	0.000000	0.000000	0.000000	0.000000	0.000000	0.000000	0.000000	0.000000	0.000000	0.000000	0.000000	0.000000	0.000000	0.000000	0.000000	0.000000	0.000000	0.000000	0.000000	0.000000	0.000000	0.000000	4	4	4	5	5	5	5	15.957111	0	0	0	0	0	0.000000	0.000000	0.000000	0.000000
22.497000	1	0.003188	0.027845	-0.991259	0.008259	-0.008673	-0.002783	0.200336	-0.135357	0.529196	0.860876	0.508341	0.021961	-0.507957	0.861129	-0.020913	-0.029542	0.006848	0.999540	0.000000	0.000000	0.000000	0.150000	0.000000	0.000000	0.000000	0	0.000000	0.000000	0.000000	0.000000	0.000000	0.000000	-0.020920	-0.021963	0.533400	0.100000	0.000000	0.000000	0.100000	0.000000	0.000000	0.100000	0.000000	0.000000	0.100000	0.000000	0.000000	0.000000	0.000000	0.000000	0.000000	0.000000	0.000000	0.000000	0.000000	0.000000	0.000000	0.000000	0.000000	0.000000	0.000000	0.000000	0.000000	0.000000	0.000000	0.000000	0.000000	0.000000	0.000000	0.000000	4	4	4	5	5	5	5	15.957111	0	0	0	0	0	0.000000	0.000000	0.000000	0.000000
22.511999	1	0.003188	0.027845	-0.991259	0.008259	-0.008673	-0.002783	0.200336	-0.135357	0.529196	0.860876	0.508341	0.021961	-0.507957	0.861129	-0.020913	-0.029542	0.006848	0.999540	0.000000	0.000000	0.000000	0.130000	0.000000	0.000000	0.000000	0	0.000000	0.000000	0.000000	0.000000	0.000000	0.000000	-0.020920	-0.021963	0.533400	0.100000	0.000000	0.000000	0.100000	0.000000	0.000000	0.100000	0.000000	0.000000	0.100000	0.000000	0.000000	0.000000	0.000000	0.000000	0.000000	0.000000	0.000000	0.000000	0.000000	0.000000	0.000000	0.000000	0.000000	0.000000	0.000000	0.000000	0.000000	0.000000	0.000000	0.000000	0.000000	0.000000	0.000000	0.000000	4	4	4	5	5	5	5	15.957111	0	0	0	0	0	0.000000	0.000000	0.000000	0.000000
22.528999	1	0.002455	0.027722	-0.991123	0.000666	-0.010988	-0.002378	0.200404	-0.136365	0.530629	0.860883	0.508323	0.022079	-0.507934	0.861139	-0.021045	-0.029711	0.006903	0.999535	0.000000	0.000000	0.000000	0.130000	0.000000	0.000000	0.000000	0	0.000000	0.000000	0.000000	0.000000	0.000000	0.000000	-0.021052	-0.022081	0.533380	0.100000	0.000000	0.000000	0.100000	0.000000	0.000000	0.100000	0.000000	0.000000	0.100000	0.000000	0.000000	0.000000	0.000000	0.000000	0.000000	0.000000	0.000000	0.000000	0.000000	0.000000	0.000000	0.000000	0.000000	0.000000	0.000000	0.000000	0.000000	0.000000	0.000000	0.000000	0.000000	0.000000	0.000000	0.000000	4	4	4	5	5	5	5	15.957111	0	0	0	0	0	0.000000	0.000000	0.000000	0.000000
22.542999	1	0.002455	0.027722	-0.991123	0.000666	-0.010988	-0.002378	0.200404	-0.136365	0.530629	0.860883	0.508323	0.022079	-0.507934	0.861139	-0.021045	-0.029711	0.006903	0.999535	0.000000	0.000000	0.000000	0.130000	0.000000	0.000000	0.000000	0	0.000000	0.000000	0.000000	0.000000	0.000000	0.000000	-0.021052	-0.022081	0.533380	0.100000	0.000000	0.000000	0.100000	0.000000	0.000000	0.100000	0.000000	0.000000	0.100000	0.000000	0.000000	0.000000	0.000000	0.000000	0.000000	0.000000	0.000000	0.000000	0.000000	0.000000	0.000000	0.000000	0.000000	0.000000	0.000000	0.000000	0.000000	0.000000	0.000000	0.000000	0.000000	0.000000	0.000000	0.000000	4	4	4	5	5	5	5	15.957111	0	0	0	0	0	0.000000	0.000000	0.000000	0.000000
22.556999	1	0.002823	0.027599	-0.991371	0.003564	-0.014456	-0.013440	0.199677	-0.135279	0.529717	0.860905	0.508284	0.022140	-0.507896	0.861163	-0.020995	-0.029737	0.006830	0.999534	0.000000	0.000000	0.000000	0.190000	0.000000	0.000000	0.000000	0	0.000000	0.000000	0.000000	0.000000	0.000000	0.000000	-0.021001	-0.022142	0.533336	0.100000	0.000000	0.000000	0.100000	0.000000	0.000000	0.100000	0.000000	0.000000	0.100000	0.000000	0.000000	0.000000	0.000000	0.000000	0.000000	0.000000	0.000000	0.000000	0.000000	0.000000	0.000000	0.000000	0.000000	0.000000	0.000000	0.000000	0.000000	0.000000	0.000000	0.000000	0.000000	0.000000	0.000000	0.000000	4	4	4	5	5	5	5	15.957111	0	0	0	0	0	0.000000	0.000000	0.000000	0.000000
22.573999	1	0.002823	0.027599	-0.991371	0.003564	-0.014456	-0.013440	0.199677	-0.135279	0.529717	0.860905	0.508284	0.022140	-0.507896	0.861163	-0.020995	-0.029737	0.006830	0.999534	0.000000	0.000000	0.000000	0.190000	0.000000	0.000000	0.000000	0	0.000000	0.000000	0.000000	0.000000	0.000000	0.000000	-0.021001	-0.022142	0.533336	0.100000	0.000000	0.000000	0.100000	0.000000	0.000000	0.100000	0.000000	0.000000	0.100000	0.000000	0.000000	0.000000	0.000000	0.000000	0.000000	0.000000	0.000000	0.000000	0.000000	0.000000	0.000000	0.000000	0.000000	0.000000	0.000000	0.000000	0.000000	0.000000	0.000000	0.000000	0.000000	0.000000	0.000000	0.000000	4	4	4	5	5	5	5	15.957111	0	0	0	0	0	0.000000	0.000000	0.000000	0.000000
22.587999	1	0.001724	0.029307	-0.990637	0.005555	0.000411	-0.011554	0.200436	-0.135293	0.530002	0.861048	0.508048	0.022007	-0.507660	0.861301	-0.021014	-0.029631	0.006922	0.999537	0.000000	0.000000	0.000000	0.190000	0.000000	0.000000	0.000000	0	0.000000	0.000000	0.000000	0.000000	0.000000	0.000000	-0.021021	-0.022009	0.533060	0.100000	0.000000	0.000000	0.100000	0.000000	0.000000	0.100000	0.000000	0.000000	0.100000	0.000000	0.000000	0.000000	0.000000	0.000000	0.000000	0.000000	0.000000	0.000000	0.000000	0.000000	0.000000	0.000000	0.000000	0.000000	0.000000	0.000000	0.000000	0.000000	0.000000	0.000000	0.000000	0.000000	0.000000	0.000000	4	4	4	5	5	5	5	15.957111	0	0	0	0	0	0.000000	0.000000	0.000000	0.000000
22.605000	1	0.001724	0.029307	-0.990637	0.005555	0.000411	-0.011554	0.200436	-0.135293	0.530002	0.861048	0.508048	0.022007	-0.507660	0.861301	-0.021014	-0.029631	0.006922	0.999537	0.000000	0.000000	0.000000	0.190000	0.000000	0.000000	0.000000	0	0.000000	0.000000	0.000000	0.000000	0.000000	0.000000	-0.021021	-0.022009	0.533060	0.100000	0.000000	0.000000	0.100000	0.000000	0.000000	0.100000	0.000000	0.000000	0.100000	0.000000	0.000000	0.000000	0.000000	0.000000	0.000000	0.000000	0.000000	0.000000	0.000000	0.000000	0.000000	0.000000	0.000000	0.000000	0.000000	0.000000	0.000000	0.000000	0.000000	0.000000	0.000000	0.000000	0.000000	0.000000	4	4	4	5	5	5	5	15.957111	0	0	0	0	0	0.000000	0.000000	0.000000	0.000000
22.618999	1	0.003803	0.028820	-0.991398	0.000019	-0.005862	-0.007661	0.199669	-0.135766	0.530415	0.861041	0.508065	0.021855	-0.507675	0.861289	-0.021130	-0.029559	0.007098	0.999538	0.000000	0.000000	0.000000	0.190000	0.000000	0.000000	0.000000	0	0.000000	0.000000	0.000000	0.000000	0.000000	0.000000	-0.021136	-0.021857	0.533078	0.100000	0.000000	0.000000	0.100000	0.000000	0.000000	0.100000	0.000000	0.000000	0.100000	0.000000	0.000000	0.000000	0.000000	0.000000	0.000000	0.000000	0.000000	0.000000	0.000000	0.000000	0.000000	0.000000	0.000000	0.000000	0.000000	0.000000	0.000000	0.000000	0.000000	0.000000	0.000000	0.000000	0.000000	0.000000	4	4	4	5	5	5	5	15.957111	0	0	0	0	0	0.000000	0.000000	0.000000	0.000000
22.634001	1	0.003803	0.028820	-0.991398	0.000019	-0.005862	-0.007661	0.199669	-0.135766	0.530415	0.861041	0.508065	0.021855	-0.507675	0.861289	-0.021130	-0.029559	0.007098	0.999538	0.000000	0.000000	0.000000	0.190000	0.000000	0.000000	0.000000	0	0.000000	0.000000	0.000000	0.000000	0.000000	0.000000	-0.021136	-0.021857	0.533078	0.100000	0.000000	0.000000	0.100000	0.000000	0.000000	0.100000	0.000000	0.000000	0.100000	0.000000	0.000000	0.000000	0.000000	0.000000	0.000000	0.000000	0.000000	0.000000	0.000000	0.000000	0.000000	0.000000	0.000000	0.000000	0.000000	0.000000	0.000000	0.000000	0.000000	0.000000	0.000000	0.000000	0.000000	0.000000	4	4	4	5	5	5	5	15.957111	0	0	0	0	0	0.000000	0.000000	0.000000	0.000000
22.650999	1	0.002587	0.027715	-0.992088	0.003711	-0.009359	-0.011782	0.199189	-0.135397	0.530075	0.861143	0.507891	0.021896	-0.507500	0.861392	-0.021174	-0.029615	0.007122	0.999536	0.000000	0.000000	0.000000	0.170000	0.000000	0.000000	0.000000	0	0.000000	0.000000	0.000000	0.000000	0.000000	0.000000	-0.021181	-0.021897	0.532877	0.100000	0.000000	0.000000	0.100000	0.000000	0.000000	0.100000	0.000000	0.000000	0.100000	0.000000	0.000000	0.000000	0.000000	0.000000	0.000000	0.000000	0.000000	0.000000	0.000000	0.000000	0.000000	0.000000	0.000000	0.000000	0.000000	0.000000	0.000000	0.000000	0.000000	0.000000	0.000000	0.000000	0.000000	0.000000	4	4	4	5	5	5	5	15.957111	0	0	0	0	0	0.000000	0.000000	0.000000	0.000000
22.665001	1	0.002587	0.027715	-0.992088	0.003711	-0.009359	-0.011782	0.199189	-0.135397	0.530075	0.861143	0.507891	0.021896	-0.507500	0.861392	-0.021174	-0.029615	0.007122	0.999536	0.000000	0.000000	0.000000	0.170000	0.000000	0.000000	0.000000	0	0.000000	0.000000	0.000000	0.000000	0.000000	0.000000	-0.021181	-0.021897	0.532877	0.100000	0.000000	0.000000	0.100000	0.000000	0.000000	0.100000	0.000000	0.000000	0.100000	0.000000	0.000000	0.000000	0.000000	0.000000	0.000000	0.000000	0.000000	0.000000	0.000000	0.000000	0.000000	0.000000	0.000000	0.000000	0.000000	0.000000	0.000000	0.000000	0.000000	0.000000	0.000000	0.000000	0.000000	0.000000	4	4	4	5	5	5	5	15.957111	0	0	0	0	0	0.000000	0.000000	0.000000	0.000000
22.681999	1	0.003308	0.028579	-0.990785	0.003053	-0.007526	0.006642	0.199887	-0.135259	0.529802	0.861078	0.508001	0.021913	-0.507610	0.861327	-0.021143	-0.029615	0.007083	0.999536	0.000000	0.000000	0.000000	0.170000	0.000000	0.000000	0.000000	0	0.000000	0.000000	0.000000	0.000000	0.000000	0.000000	-0.021150	-0.021915	0.533004	0.100000	0.000000	0.000000	0.100000	0.000000	0.000000	0.100000	0.000000	0.000000	0.100000	0.000000	0.000000	0.000000	0.000000	0.000000	0.000000	0.000000	0.000000	0.000000	0.000000	0.000000	0.000000	0.000000	0.000000	0.000000	0.000000	0.000000	0.000000	0.000000	0.000000	0.000000	0.000000	0.000000	0.000000	0.000000	4	4	4	5	5	5	5	15.957111	0	0	0	0	0	0.000000	0.000000	0.000000	0.000000
22.695999	1	0.003308	0.028579	-0.990785	0.003053	-0.007526	0.006642	0.199887	-0.135259	0.529802	0.861078	0.508001	0.021913	-0.507610	0.861327	-0.021143	-0.029615	0.007083	0.999536	0.000000	0.000000	0.000000	0.210000	0.000000	0.000000	0.000000	0	0.000000	0.000000	0.000000	0.000000	0.000000	0.000000	-0.021150	-0.021915	0.533004	0.100000	0.000000	0.000000	0.100000	0.000000	0.000000	0.100000	0.000000	0.000000	0.100000	0.000000	0.000000	0.000000	0.000000	0.000000	0.000000	0.000000	0.000000	0.000000	0.000000	0.000000	0.000000	0.000000	0.000000	0.000000	0.000000	0.000000	0.000000	0.000000	0.000000	0.000000	0.000000	0.000000	0.000000	0.000000	4	4	4	5	5	5	5	15.957111	0	0	0	0	0	0.000000	0.000000	0.000000	0.000000
22.709999	1	0.002456	0.028576	-0.990888	0.011073	-0.006913	-0.007250	0.200062	-0.135793	0.529330	0.861120	0.507929	0.021921	-0.507541	0.861371	-0.021052	-0.029575	0.007003	0.999538	0.000000	0.000000	0.000000	0.210000	0.000000	0.000000	0.000000	0	0.000000	0.000000	0.000000	0.000000	0.000000	0.000000	-0.021059	-0.021922	0.532921	0.100000	0.000000	0.000000	0.100000	0.000000	0.000000	0.100000	0.000000	0.000000	0.100000	0.000000	0.000000	0.000000	0.000000	0.000000	0.000000	0.000000	0.000000	0.000000	0.000000	0.000000	0.000000	0.000000	0.000000	0.000000	0.000000	0.000000	0.000000	0.000000	0.000000	0.000000	0.000000	0.000000	0.000000	0.000000	4	4	4	5	5	5	5	15.957111	0	0	0	0	0	0.000000	0.000000	0.000000	0.000000
22.726999	1	0.002456	0.028576	-0.990888	0.011073	-0.006913	-0.007250	0.200062	-0.135793	0.529330	0.861120	0.507929	0.021921	-0.507541	0.861371	-0.021052	-0.029575	0.007003	0.999538	0.000000	0.000000	0.000000	0.210000	0.000000	0.000000	0.000000	0	0.000000	0.000000	0.000000	0.000000	0.000000	0.000000	-0.021059	-0.021922	0.532921	0.100000	0.000000	0.000000	0.100000	0.000000	0.000000	0.100000	0.000000	0.000000	0.100000	0.000000	0.000000	0.000000	0.000000	0.000000	0.000000	0.000000	0.000000	0.000000	0.000000	0.000000	0.000000	0.000000	0.000000	0.000000	0.000000	0.000000	0.000000	0.000000	0.000000	0.000000	0.000000	0.000000	0.000000	0.000000	4	4	4	5	5	5	5	15.957111	0	0	0	0	0	0.000000	0.000000	0.000000	0.000000
22.740999	1	0.002703	0.029795	-0.990780	-0.001831	-0.008322	-0.006844	0.199516	-0.135587	0.529507	0.861151	0.507875	0.021935	-0.507485	0.861402	-0.021111	-0.029617	0.007048	0.999536	0.000000	0.000000	0.000000	0.180000	0.000000	0.000000	0.000000	0	0.000000	0.000000	0.000000	0.000000	0.000000	0.000000	-0.021118	-0.021937	0.532858	0.100000	0.000000	0.000000	0.100000	0.000000	0.000000	0.100000	0.000000	0.000000	0.100000	0.000000	0.000000	0.000000	0.000000	0.000000	0.000000	0.000000	0.000000	0.000000	0.000000	0.000000	0.000000	0.000000	0.000000	0.000000	0.000000	0.000000	0.000000	0.000000	0.000000	0.000000	0.000000	0.000000	0.000000	0.000000	4	4	4	5	5	5	5	15.957111	0	0	0	0	0	0.000000	0.000000	0.000000	0.000000
22.757999	1	0.002703	0.029795	-0.990780	-0.001831	-0.008322	-0.006844	0.199516	-0.135587	0.529507	0.861151	0.507875	0.021935	-0.507485	0.861402	-0.021111	-0.029617	0.007048	0.999536	0.000000	0.000000	0.000000	0.180000	0.000000	0.000000	0.000000	0	0.000000	0.000000	0.000000	0.000000	0.000000	0.000000	-0.021118	-0.021937	0.532858	0.100000	0.000000	0.000000	0.100000	0.000000	0.000000	0.100000	0.000000	0.000000	0.100000	0.000000	0.000000	0.000000	0.000000	0.000000	0.000000	0.000000	0.000000	0.000000	0.000000	0.000000	0.000000	0.000000	0.000000	0.000000	0.000000	0.000000	0.000000	0.000000	0.000000	0.000000	0.000000	0.000000	0.000000	0.000000	4	4	4	5	5	5	5	15.957111	0	0	0	0	0	0.000000	0.000000	0.000000	0.000000
22.771999	1	0.002586	0.028205	-0.991730	-0.006584	-0.006411	-0.008183	0.199706	-0.134982	0.529886	0.861178	0.507837	0.021777	-0.507443	0.861423	-0.021253	-0.029553	0.007252	0.999537	0.000000	0.000000	0.000000	0.180000	0.000000	0.000000	0.000000	0	0.000000	0.000000	0.000000	0.000000	0.000000	0.000000	-0.021260	-0.021779	0.532811	0.100000	0.000000	0.000000	0.100000	0.000000	0.000000	0.100000	0.000000	0.000000	0.100000	0.000000	0.000000	0.000000	0.000000	0.000000	0.000000	0.000000	0.000000	0.000000	0.000000	0.000000	0.000000	0.000000	0.000000	0.000000	0.000000	0.000000	0.000000	0.000000	0.000000	0.000000	0.000000	0.000000	0.000000	0.000000	4	4	4	5	5	5	5	15.957111	0	0	0	0	0	0.000000	0.000000	0.000000	0.000000
22.798000	1	0.002586	0.028205	-0.991730	-0.006584	-0.006411	-0.008183	0.199706	-0.134982	0.529886	0.861178	0.507837	0.021777	-0.507443	0.861423	-0.021253	-0.029553	0.007252	0.999537	0.000000	0.000000	0.000000	0.220000	0.000000	0.000000	0.000000	0	0.000000	0.000000	0.000000	0.000000	0.000000	0.000000	-0.021260	-0.021779	0.532811	0.100000	0.000000	0.000000	0.100000	0.000000	0.000000	0.100000	0.000000	0.000000	0.100000	0.000000	0.000000	0.000000	0.000000	0.000000	0.000000	0.000000	0.000000	0.000000	0.000000	0.000000	0.000000	0.000000	0.000000	0.000000	0.000000	0.000000	0.000000	0.000000	0.000000	0.000000	0.000000	0.000000	0.000000	0.000000	4	4	4	5	5	5	5	15.957111	0	0	0	0	0	0.000000	0.000000	0.000000	0.000000
22.815001	1	0.003309	0.027358	-0.991259	-0.000414	-0.009824	0.003878	0.200324	-0.135869	0.530026	0.861174	0.507844	0.021763	-0.507448	0.861418	-0.021343	-0.029586	0.007336	0.999535	0.000000	0.000000	0.000000	0.220000	0.000000	0.000000	0.000000	0	0.000000	0.000000	0.000000	0.000000	0.000000	0.000000	-0.021349	-0.021765	0.532820	0.100000	0.000000	0.000000	0.100000	0.000000	0.000000	0.100000	0.000000	0.000000	0.100000	0.000000	0.000000	0.000000	0.000000	0.000000	0.000000	0.000000	0.000000	0.000000	0.000000	0.000000	0.000000	0.000000	0.000000	0.000000	0.000000	0.000000	0.000000	0.000000	0.000000	0.000000	0.000000	0.000000	0.000000	0.000000	4	4	4	5	5	5	5	15.957111	0	0	0	0	0	0.000000	0.000000	0.000000	0.000000
22.829000	1	0.003309	0.027358	-0.991259	-0.000414	-0.009824	0.003878	0.200324	-0.135869	0.530026	0.861174	0.507844	0.021763	-0.507448	0.861418	-0.021343	-0.029586	0.007336	0.999535	0.000000	0.000000	0.000000	0.220000	0.000000	0.000000	0.000000	0	0.000000	0.000000	0.000000	0.000000	0.000000	0.000000	-0.021349	-0.021765	0.532820	0.100000	0.000000	0.000000	0.100000	0.000000	0.000000	0.100000	0.000000	0.000000	0.100000	0.000000	0.000000	0.000000	0.000000	0.000000	0.000000	0.000000	0.000000	0.000000	0.000000	0.000000	0.000000	0.000000	0.000000	0.000000	0.000000	0.000000	0.000000	0.000000	0.000000	0.000000	0.000000	0.000000	0.000000	0.000000	4	4	4	5	5	5	5	15.957111	0	0	0	0	0	0.000000	0.000000	0.000000	0.000000
22.846001	1	0.002590	0.028080	-0.992211	-0.003338	-0.002078	0.000942	0.199599	-0.135218	0.530352	0.861159	0.507867	0.021814	-0.507467	0.861403	-0.021482	-0.029701	0.007430	0.999531	0.000000	0.000000	0.000000	0.170000	0.000000	0.000000	0.000000	0	0.000000	0.000000	0.000000	0.000000	0.000000	0.000000	-0.021489	-0.021816	0.532848	0.100000	0.000000	0.000000	0.100000	0.000000	0.000000	0.100000	0.000000	0.000000	0.100000	0.000000	0.000000	0.000000	0.000000	0.000000	0.000000	0.000000	0.000000	0.000000	0.000000	0.000000	0.000000	0.000000	0.000000	0.000000	0.000000	0.000000	0.000000	0.000000	0.000000	0.000000	0.000000	0.000000	0.000000	0.000000	4	4	4	5	5	5	5	15.957111	0	0	0	0	0	0.000000	0.000000	0.000000	0.000000
22.861000	1	0.002590	0.028080	-0.992211	-0.003338	-0.002078	0.000942	0.199599	-0.135218	0.530352	0.861159	0.507867	0.021814	-0.507467	0.861403	-0.021482	-0.029701	0.007430	0.999531	0.000000	0.000000	0.000000	0.170000	0.000000	0.000000	0.000000	0	0.000000	0.000000	0.000000	0.000000	0.000000	0.000000	-0.021489	-0.021816	0.532848	0.100000	0.000000	0.000000	0.100000	0.000000	0.000000	0.100000	0.000000	0.000000	0.100000	0.000000	0.000000	0.000000	0.000000	0.000000	0.000000	0.000000	0.000000	0.000000	0.000000	0.000000	0.000000	0.000000	0.000000	0.000000	0.000000	0.000000	0.000000	0.000000	0.000000	0.000000	0.000000	0.000000	0.000000	0.000000	4	4	4	5	5	5	5	15.957111	0	0	0	0	0	0.000000	0.000000	0.000000	0.000000
22.875000	1	0.002337	0.028208	-0.991244	0.003901	-0.004157	0.006273	0.199879	-0.135246	0.529760	0.861071	0.508024	0.021645	-0.507627	0.861310	-0.021420	-0.029525	0.007456	0.999536	0.000000	0.000000	0.000000	0.170000	0.000000	0.000000	0.000000	0	0.000000	0.000000	0.000000	0.000000	0.000000	0.000000	-0.021426	-0.021646	0.533028	0.100000	0.000000	0.000000	0.100000	0.000000	0.000000	0.100000	0.000000	0.000000	0.100000	0.000000	0.000000	0.000000	0.000000	0.000000	0.000000	0.000000	0.000000	0.000000	0.000000	0.000000	0.000000	0.000000	0.000000	0.000000	0.000000	0.000000	0.000000	0.000000	0.000000	0.000000	0.000000	0.000000	0.000000	0.000000	4	4	4	5	5	5	5	15.957111	0	0	0	0	0	0.000000	0.000000	0.000000	0.000000
22.903000	1	0.002337	0.028208	-0.991244	0.003901	-0.004157	0.006273	0.199879	-0.135246	0.529760	0.861071	0.508024	0.021645	-0.507627	0.861310	-0.021420	-0.029525	0.007456	0.999536	0.000000	0.000000	0.000000	0.160000	0.000000	0.000000	0.000000	0	0.000000	0.000000	0.000000	0.000000	0.000000	0.000000	-0.021426	-0.021646	0.533028	0.100000	0.000000	0.000000	0.100000	0.000000	0.000000	0.100000	0.000000	0.000000	0.100000	0.000000	0.000000	0.000000	0.000000	0.000000	0.000000	0.000000	0.000000	0.000000	0.000000	0.000000	0.000000	0.000000	0.000000	0.000000	0.000000	0.000000	0.000000	0.000000	0.000000	0.000000	0.000000	0.000000	0.000000	0.000000	4	4	4	5	5	5	5	15.957111	0	0	0	0	0	0.000000	0.000000	0.000000	0.000000
22.917999	1	0.001740	0.028831	-0.992247	0.002314	-0.006588	-0.006560	0.199942	-0.135864	0.529772	0.861087	0.508000	0.021568	-0.507608	0.861325	-0.021290	-0.029392	0.007385	0.999541	0.000000	0.000000	0.000000	0.160000	0.000000	0.000000	0.000000	0	0.000000	0.000000	0.000000	0.000000	0.000000	0.000000	-0.021297	-0.021569	0.532999	0.100000	0.000000	0.000000	0.100000	0.000000	0.000000	0.100000	0.000000	0.000000	0.100000	0.000000	0.000000	0.000000	0.000000	0.000000	0.000000	0.000000	0.000000	0.000000	0.000000	0.000000	0.000000	0.000000	0.000000	0.000000	0.000000	0.000000	0.000000	0.000000	0.000000	0.000000	0.000000	0.000000	0.000000	0.000000	4	4	4	5	5	5	5	15.957111	0	0	0	0	0	0.000000	0.000000	0.000000	0.000000
22.931999	1	0.001740	0.028831	-0.992247	0.002314	-0.006588	-0.006560	0.199942	-0.135864	0.529772	0.861087	0.508000	0.021568	-0.507608	0.861325	-0.021290	-0.029392	0.007385	0.999541	0.000000	0.000000	0.000000	0.160000	0.000000	0.000000	0.000000	0	0.000000	0.000000	0.000000	0.000000	0.000000	0.000000	-0.021297	-0.021569	0.532999	0.100000	0.000000	0.000000	0.100000	0.000000	0.000000	0.100000	0.000000	0.000000	0.100000	0.000000	0.000000	0.000000	0.000000	0.000000	0.000000	0.000000	0.000000	0.000000	0.000000	0.000000	0.000000	0.000000	0.000000	0.000000	0.000000	0.000000	0.000000	0.000000	0.000000	0.000000	0.000000	0.000000	0.000000	0.000000	4	4	4	5	5	5	5	15.957111	0	0	0	0	0	0.000000	0.000000	0.000000	0.000000
22.948999	1	0.002586	0.028716	-0.991542	-0.004252	-0.001623	-0.002667	0.200065	-0.135599	0.530067	0.861088	0.508000	0.021506	-0.507606	0.861324	-0.021366	-0.029377	0.007481	0.999540	0.000000	0.000000	0.000000	0.190000	0.000000	0.000000	0.000000	0	0.000000	0.000000	0.000000	0.000000	0.000000	0.000000	-0.021372	-0.021507	0.532998	0.100000	0.000000	0.000000	0.100000	0.000000	0.000000	0.100000	0.000000	0.000000	0.100000	0.000000	0.000000	0.000000	0.000000	0.000000	0.000000	0.000000	0.000000	0.000000	0.000000	0.000000	0.000000	0.000000	0.000000	0.000000	0.000000	0.000000	0.000000	0.000000	0.000000	0.000000	0.000000	0.000000	0.000000	0.000000	4	4	4	5	5	5	5	15.957111	0	0	0	0	0	0.000000	0.000000	0.000000	0.000000
22.962999	1	0.002586	0.028716	-0.991542	-0.004252	-0.001623	-0.002667	0.200065	-0.135599	0.530067	0.861088	0.508000	0.021506	-0.507606	0.861324	-0.021366	-0.029377	0.007481	0.999540	0.000000	0.000000	0.000000	0.190000	0.000000	0.000000	0.000000	0	0.000000	0.000000	0.000000	0.000000	0.000000	0.000000	-0.021372	-0.021507	0.532998	0.100000	0.000000	0.000000	0.100000	0.000000	0.000000	0.100000	0.000000	0.000000	0.100000	0.000000	0.000000	0.000000	0.000000	0.000000	0.000000	0.000000	0.000000	0.000000	0.000000	0.000000	0.000000	0.000000	0.000000	0.000000	0.000000	0.000000	0.000000	0.000000	0.000000	0.000000	0.000000	0.000000	0.000000	0.000000	4	4	4	5	5	5	5	15.957111	0	0	0	0	0	0.000000	0.000000	0.000000	0.000000
