186.606995	1	-0.047327	0.317073	-0.946359	-0.003351	0.002939	-0.000720	0.496423	-0.430660	0.672316	0.923340	0.382083	0.038165	-0.351155	0.880430	-0.318643	-0.155350	0.280814	0.947106	0.000000	0.000000	0.000000	2.640000	0.000000	0.000000	0.000000	0	0.000000	0.000000	0.000000	0.000000	0.000000	0.000000	-0.324543	-0.038174	0.392350	0.000000	0.000000	0.000000	0.000000	0.000000	0.000000	0.000000	0.000000	0.000000	0.000000	0.000000	0.000000	0.000000	0.000000	0.000000	0.000000	0.000000	0.000000	0.000000	0.000000	0.000000	0.000000	0.000000	0.000000	0.000000	0.000000	0.000000	0.000000	0.000000	0.000000	0.000000	0.000000	0.000000	0.000000	0.000000	4	4	4	5	5	5	5	14.352592	103566	136374	135894	73810	0
186.623001	1	-0.046834	0.317462	-0.944076	-0.000660	0.004338	0.000866	0.497021	-0.429506	0.671771	0.922711	0.383605	0.038105	-0.352598	0.879796	-0.318799	-0.155817	0.280723	0.947056	0.000000	0.000000	0.000000	2.640000	0.000000	0.000000	0.000000	0	0.000000	0.000000	0.000000	0.000000	0.000000	0.000000	-0.324706	-0.038114	0.393998	0.000000	0.000000	0.000000	0.000000	0.000000	0.000000	0.000000	0.000000	0.000000	0.000000	0.000000	0.000000	0.000000	0.000000	0.000000	0.000000	0.000000	0.000000	0.000000	0.000000	0.000000	0.000000	0.000000	0.000000	0.000000	0.000000	0.000000	0.000000	0.000000	0.000000	0.000000	0.000000	0.000000	0.000000	0.000000	4	4	4	5	5	5	5	14.352592	103566	136374	135890	73810	0
186.634995	1	-0.046834	0.317462	-0.944076	-0.000660	0.004338	0.000866	0.497021	-0.429506	0.671771	0.922711	0.383605	0.038105	-0.352598	0.879796	-0.318799	-0.155817	0.280723	0.947056	0.000000	0.000000	0.000000	2.640000	0.000000	0.000000	0.000000	0	0.000000	0.000000	0.000000	0.000000	0.000000	0.000000	-0.324706	-0.038114	0.393998	0.000000	0.000000	0.000000	0.000000	0.000000	0.000000	0.000000	0.000000	0.000000	0.000000	0.000000	0.000000	0.000000	0.000000	0.000000	0.000000	0.000000	0.000000	0.000000	0.000000	0.000000	0.000000	0.000000	0.000000	0.000000	0.000000	0.000000	0.000000	0.000000	0.000000	0.000000	0.000000	0.000000	0.000000	0.000000	4	4	4	5	5	5	5	14.333714	103566	136374	135890	73810	0
186.649994	1	-0.047966	0.317917	-0.944634	-0.001576	0.001687	0.001573	0.497325	-0.430150	0.671465	0.922708	0.383607	0.038165	-0.352580	0.879798	-0.318815	-0.155877	0.280717	0.947048	0.000000	0.000000	0.000000	2.640000	0.000000	0.000000	0.000000	0	0.000000	0.000000	0.000000	0.000000	0.000000	0.000000	-0.324724	-0.038175	0.394001	0.000000	0.000000	0.000000	0.000000	0.000000	0.000000	0.000000	0.000000	0.000000	0.000000	0.000000	0.000000	0.000000	0.000000	0.000000	0.000000	0.000000	0.000000	0.000000	0.000000	0.000000	0.000000	0.000000	0.000000	0.000000	0.000000	0.000000	0.000000	0.000000	0.000000	0.000000	0.000000	0.000000	0.000000	0.000000	4	4	4	5	5	5	5	14.333714	103566	136374	135890	73810	0
186.660004	1	-0.047966	0.317917	-0.944634	-0.001576	0.001687	0.001573	0.497325	-0.430150	0.671465	0.922708	0.383607	0.038165	-0.352580	0.879798	-0.318815	-0.155877	0.280717	0.947048	0.000000	0.000000	0.000000	2.640000	0.000000	0.000000	0.000000	0	0.000000	0.000000	0.000000	0.000000	0.000000	0.000000	-0.324724	-0.038175	0.394001	0.000000	0.000000	0.000000	0.000000	0.000000	0.000000	0.000000	0.000000	0.000000	0.000000	0.000000	0.000000	0.000000	0.000000	0.000000	0.000000	0.000000	0.000000	0.000000	0.000000	0.000000	0.000000	0.000000	0.000000	0.000000	0.000000	0.000000	0.000000	0.000000	0.000000	0.000000	0.000000	0.000000	0.000000	0.000000	4	4	4	5	5	5	5	14.333714	103564	136374	135890	73810	0
186.671005	1	-0.045723	0.318139	-0.944724	-0.000666	0.003271	0.002769	0.496834	-0.430291	0.671456	0.922669	0.383702	0.038130	-0.352675	0.879747	-0.318849	-0.155888	0.280745	0.947038	0.000000	0.000000	0.000000	2.640000	0.000000	0.000000	0.000000	0	0.000000	0.000000	0.000000	0.000000	0.000000	0.000000	-0.324760	-0.038140	0.394104	0.000000	0.000000	0.000000	0.000000	0.000000	0.000000	0.000000	0.000000	0.000000	0.000000	0.000000	0.000000	0.000000	0.000000	0.000000	0.000000	0.000000	0.000000	0.000000	0.000000	0.000000	0.000000	0.000000	0.000000	0.000000	0.000000	0.000000	0.000000	0.000000	0.000000	0.000000	0.000000	0.000000	0.000000	0.000000	4	4	4	5	5	5	5	14.333714	103564	136374	135890	73810	0
186.686005	1	-0.045723	0.318139	-0.944724	-0.000666	0.003271	0.002769	0.496834	-0.430291	0.671456	0.922669	0.383702	0.038130	-0.352675	0.879747	-0.318849	-0.155888	0.280745	0.947038	0.000000	0.000000	0.000000	2.640000	0.000000	0.000000	0.000000	0	0.000000	0.000000	0.000000	0.000000	0.000000	0.000000	-0.324760	-0.038140	0.394104	0.000000	0.000000	0.000000	0.000000	0.000000	0.000000	0.000000	0.000000	0.000000	0.000000	0.000000	0.000000	0.000000	0.000000	0.000000	0.000000	0.000000	0.000000	0.000000	0.000000	0.000000	0.000000	0.000000	0.000000	0.000000	0.000000	0.000000	0.000000	0.000000	0.000000	0.000000	0.000000	0.000000	0.000000	0.000000	4	4	4	5	5	5	5	14.333714	103566	136374	135890	73812	0
186.697006	1	-0.046958	0.317246	-0.945675	-0.001992	0.004592	-0.002613	0.496767	-0.430061	0.672274	0.922677	0.383682	0.038155	-0.352648	0.879755	-0.318860	-0.155908	0.280749	0.947034	0.000000	0.000000	0.000000	2.640000	0.000000	0.000000	0.000000	0	0.000000	0.000000	0.000000	0.000000	0.000000	0.000000	-0.324771	-0.038164	0.394083	0.000000	0.000000	0.000000	0.000000	0.000000	0.000000	0.000000	0.000000	0.000000	0.000000	0.000000	0.000000	0.000000	0.000000	0.000000	0.000000	0.000000	0.000000	0.000000	0.000000	0.000000	0.000000	0.000000	0.000000	0.000000	0.000000	0.000000	0.000000	0.000000	0.000000	0.000000	0.000000	0.000000	0.000000	0.000000	4	4	4	5	5	5	5	14.333714	103566	136374	135890	73812	0
186.707001	1	-0.046958	0.317246	-0.945675	-0.001992	0.004592	-0.002613	0.496767	-0.430061	0.672274	0.922677	0.383682	0.038155	-0.352648	0.879755	-0.318860	-0.155908	0.280749	0.947034	0.000000	0.000000	0.000000	2.640000	0.000000	0.000000	0.000000	0	0.000000	0.000000	0.000000	0.000000	0.000000	0.000000	-0.324771	-0.038164	0.394083	0.000000	0.000000	0.000000	0.000000	0.000000	0.000000	0.000000	0.000000	0.000000	0.000000	0.000000	0.000000	0.000000	0.000000	0.000000	0.000000	0.000000	0.000000	0.000000	0.000000	0.000000	0.000000	0.000000	0.000000	0.000000	0.000000	0.000000	0.000000	0.000000	0.000000	0.000000	0.000000	0.000000	0.000000	0.000000	4	4	4	5	5	5	5	14.333714	103564	136372	135890	73808	0
186.722000	1	-0.047383	0.316199	-0.946747	0.000902	0.004915	-0.001636	0.497031	-0.430122	0.672432	0.922687	0.383661	0.038109	-0.352640	0.879756	-0.318864	-0.155862	0.280773	0.947034	0.000000	0.000000	0.000000	2.640000	0.000000	0.000000	0.000000	0	0.000000	0.000000	0.000000	0.000000	0.000000	0.000000	-0.324776	-0.038118	0.394060	0.000000	0.000000	0.000000	0.000000	0.000000	0.000000	0.000000	0.000000	0.000000	0.000000	0.000000	0.000000	0.000000	0.000000	0.000000	0.000000	0.000000	0.000000	0.000000	0.000000	0.000000	0.000000	0.000000	0.000000	0.000000	0.000000	0.000000	0.000000	0.000000	0.000000	0.000000	0.000000	0.000000	0.000000	0.000000	4	4	4	5	5	5	5	14.333714	103564	136374	135890	73810	0
186.733002	1	-0.047383	0.316199	-0.946747	0.000902	0.004915	-0.001636	0.497031	-0.430122	0.672432	0.922687	0.383661	0.038109	-0.352640	0.879756	-0.318864	-0.155862	0.280773	0.947034	0.000000	0.000000	0.000000	2.640000	0.000000	0.000000	0.000000	0	0.000000	0.000000	0.000000	0.000000	0.000000	0.000000	-0.324776	-0.038118	0.394060	0.000000	0.000000	0.000000	0.000000	0.000000	0.000000	0.000000	0.000000	0.000000	0.000000	0.000000	0.000000	0.000000	0.000000	0.000000	0.000000	0.000000	0.000000	0.000000	0.000000	0.000000	0.000000	0.000000	0.000000	0.000000	0.000000	0.000000	0.000000	0.000000	0.000000	0.000000	0.000000	0.000000	0.000000	0.000000	4	4	4	5	5	5	5	14.333714	103564	136374	135890	73810	0
186.746002	1	-0.047941	0.318475	-0.945452	0.000568	0.006639	0.000330	0.496852	-0.430763	0.672912	0.922702	0.383637	0.038002	-0.352650	0.879757	-0.318852	-0.155756	0.280804	0.947042	0.000000	0.000000	0.000000	2.640000	0.000000	0.000000	0.000000	0	0.000000	0.000000	0.000000	0.000000	0.000000	0.000000	-0.324761	-0.038011	0.394032	0.000000	0.000000	0.000000	0.000000	0.000000	0.000000	0.000000	0.000000	0.000000	0.000000	0.000000	0.000000	0.000000	0.000000	0.000000	0.000000	0.000000	0.000000	0.000000	0.000000	0.000000	0.000000	0.000000	0.000000	0.000000	0.000000	0.000000	0.000000	0.000000	0.000000	0.000000	0.000000	0.000000	0.000000	0.000000	4	4	4	5	5	5	5	14.333714	103566	136374	135890	73808	0
186.757004	1	-0.047941	0.318475	-0.945452	0.000568	0.006639	0.000330	0.496852	-0.430763	0.672912	0.922702	0.383637	0.038002	-0.352650	0.879757	-0.318852	-0.155756	0.280804	0.947042	0.000000	0.000000	0.000000	2.640000	0.000000	0.000000	0.000000	0	0.000000	0.000000	0.000000	0.000000	0.000000	0.000000	-0.324761	-0.038011	0.394032	0.000000	0.000000	0.000000	0.000000	0.000000	0.000000	0.000000	0.000000	0.000000	0.000000	0.000000	0.000000	0.000000	0.000000	0.000000	0.000000	0.000000	0.000000	0.000000	0.000000	0.000000	0.000000	0.000000	0.000000	0.000000	0.000000	0.000000	0.000000	0.000000	0.000000	0.000000	0.000000	0.000000	0.000000	0.000000	4	4	4	5	5	5	5	14.333714	103566	136374	135890	73808	0
186.766998	1	-0.047264	0.316612	-0.945041	0.001659	0.005629	-0.001035	0.497022	-0.430690	0.672789	0.922711	0.383616	0.037979	-0.352639	0.879767	-0.318835	-0.155722	0.280800	0.947049	0.000000	0.000000	0.000000	2.640000	0.000000	0.000000	0.000000	0	0.000000	0.000000	0.000000	0.000000	0.000000	0.000000	-0.324743	-0.037988	0.394009	0.000000	0.000000	0.000000	0.000000	0.000000	0.000000	0.000000	0.000000	0.000000	0.000000	0.000000	0.000000	0.000000	0.000000	0.000000	0.000000	0.000000	0.000000	0.000000	0.000000	0.000000	0.000000	0.000000	0.000000	0.000000	0.000000	0.000000	0.000000	0.000000	0.000000	0.000000	0.000000	0.000000	0.000000	0.000000	4	4	4	5	5	5	5	14.333714	103566	136374	135890	73810	0
186.781006	1	-0.047264	0.316612	-0.945041	0.001659	0.005629	-0.001035	0.497022	-0.430690	0.672789	0.922711	0.383616	0.037979	-0.352639	0.879767	-0.318835	-0.155722	0.280800	0.947049	0.000000	0.000000	0.000000	2.640000	0.000000	0.000000	0.000000	0	0.000000	0.000000	0.000000	0.000000	0.000000	0.000000	-0.324743	-0.037988	0.394009	0.000000	0.000000	0.000000	0.000000	0.000000	0.000000	0.000000	0.000000	0.000000	0.000000	0.000000	0.000000	0.000000	0.000000	0.000000	0.000000	0.000000	0.000000	0.000000	0.000000	0.000000	0.000000	0.000000	0.000000	0.000000	0.000000	0.000000	0.000000	0.000000	0.000000	0.000000	0.000000	0.000000	0.000000	0.000000	4	4	4	5	5	5	5	14.333714	103566	136374	135890	73810	0
186.791000	1	-0.046964	0.316648	-0.945496	-0.002369	0.000507	-0.001621	0.497684	-0.430810	0.672893	0.922705	0.383619	0.038092	-0.352609	0.879777	-0.318841	-0.155826	0.280765	0.947043	0.000000	0.000000	0.000000	2.640000	0.000000	0.000000	0.000000	0	0.000000	0.000000	0.000000	0.000000	0.000000	0.000000	-0.324751	-0.038101	0.394014	0.000000	0.000000	0.000000	0.000000	0.000000	0.000000	0.000000	0.000000	0.000000	0.000000	0.000000	0.000000	0.000000	0.000000	0.000000	0.000000	0.000000	0.000000	0.000000	0.000000	0.000000	0.000000	0.000000	0.000000	0.000000	0.000000	0.000000	0.000000	0.000000	0.000000	0.000000	0.000000	0.000000	0.000000	0.000000	4	4	4	5	5	5	5	14.333714	103566	136372	135502	73810	0
186.802002	1	-0.046964	0.316648	-0.945496	-0.002369	0.000507	-0.001621	0.497684	-0.430810	0.672893	0.922705	0.383619	0.038092	-0.352609	0.879777	-0.318841	-0.155826	0.280765	0.947043	0.000000	0.000000	0.000000	2.640000	0.000000	0.000000	0.000000	0	0.000000	0.000000	0.000000	0.000000	0.000000	0.000000	-0.324751	-0.038101	0.394014	0.000000	0.000000	0.000000	0.000000	0.000000	0.000000	0.000000	0.000000	0.000000	0.000000	0.000000	0.000000	0.000000	0.000000	0.000000	0.000000	0.000000	0.000000	0.000000	0.000000	0.000000	0.000000	0.000000	0.000000	0.000000	0.000000	0.000000	0.000000	0.000000	0.000000	0.000000	0.000000	0.000000	0.000000	0.000000	4	4	4	5	5	5	5	14.333714	103566	136372	135502	73810	0
186.815002	1	-0.045949	0.317767	-0.945488	0.003017	0.002083	-0.003339	0.497538	-0.429703	0.672486	0.922727	0.383565	0.038112	-0.352559	0.879813	-0.318795	-0.155810	0.280724	0.947057	0.000000	0.000000	0.000000	2.640000	0.000000	0.000000	0.000000	0	0.000000	0.000000	0.000000	0.000000	0.000000	0.000000	-0.324702	-0.038121	0.393956	0.000000	0.000000	0.000000	0.000000	0.000000	0.000000	0.000000	0.000000	0.000000	0.000000	0.000000	0.000000	0.000000	0.000000	0.000000	0.000000	0.000000	0.000000	0.000000	0.000000	0.000000	0.000000	0.000000	0.000000	0.000000	0.000000	0.000000	0.000000	0.000000	0.000000	0.000000	0.000000	0.000000	0.000000	0.000000	4	4	4	5	5	5	5	14.333714	103564	136374	135890	73810	0
186.826004	1	-0.045949	0.317767	-0.945488	0.003017	0.002083	-0.003339	0.497538	-0.429703	0.672486	0.922727	0.383565	0.038112	-0.352559	0.879813	-0.318795	-0.155810	0.280724	0.947057	0.000000	0.000000	0.000000	2.640000	0.000000	0.000000	0.000000	0	0.000000	0.000000	0.000000	0.000000	0.000000	0.000000	-0.324702	-0.038121	0.393956	0.000000	0.000000	0.000000	0.000000	0.000000	0.000000	0.000000	0.000000	0.000000	0.000000	0.000000	0.000000	0.000000	0.000000	0.000000	0.000000	0.000000	0.000000	0.000000	0.000000	0.000000	0.000000	0.000000	0.000000	0.000000	0.000000	0.000000	0.000000	0.000000	0.000000	0.000000	0.000000	0.000000	0.000000	0.000000	4	4	4	5	5	5	5	14.333714	103564	136374	135890	73810	0
186.835999	1	-0.048385	0.318082	-0.944921	0.001728	0.005920	-0.002726	0.497529	-0.430539	0.673016	0.922747	0.383517	0.038100	-0.352520	0.879836	-0.318777	-0.155779	0.280720	0.947064	0.000000	0.000000	0.000000	2.640000	0.000000	0.000000	0.000000	0	0.000000	0.000000	0.000000	0.000000	0.000000	0.000000	-0.324683	-0.038110	0.393903	0.000000	0.000000	0.000000	0.000000	0.000000	0.000000	0.000000	0.000000	0.000000	0.000000	0.000000	0.000000	0.000000	0.000000	0.000000	0.000000	0.000000	0.000000	0.000000	0.000000	0.000000	0.000000	0.000000	0.000000	0.000000	0.000000	0.000000	0.000000	0.000000	0.000000	0.000000	0.000000	0.000000	0.000000	0.000000	4	4	4	5	5	5	5	14.333714	103566	136372	135892	73810	0
186.848999	1	-0.048385	0.318082	-0.944921	0.001728	0.005920	-0.002726	0.497529	-0.430539	0.673016	0.922747	0.383517	0.038100	-0.352520	0.879836	-0.318777	-0.155779	0.280720	0.947064	0.000000	0.000000	0.000000	2.640000	0.000000	0.000000	0.000000	0	0.000000	0.000000	0.000000	0.000000	0.000000	0.000000	-0.324683	-0.038110	0.393903	0.000000	0.000000	0.000000	0.000000	0.000000	0.000000	0.000000	0.000000	0.000000	0.000000	0.000000	0.000000	0.000000	0.000000	0.000000	0.000000	0.000000	0.000000	0.000000	0.000000	0.000000	0.000000	0.000000	0.000000	0.000000	0.000000	0.000000	0.000000	0.000000	0.000000	0.000000	0.000000	0.000000	0.000000	0.000000	4	4	4	5	5	5	5	14.333714	103566	136372	135892	73810	0
186.860001	1	-0.047446	0.317957	-0.944407	-0.000002	0.000303	-0.000715	0.496376	-0.429536	0.672939	0.922749	0.383513	0.038098	-0.352518	0.879841	-0.318763	-0.155770	0.280708	0.947068	0.000000	0.000000	0.000000	2.640000	0.000000	0.000000	0.000000	0	0.000000	0.000000	0.000000	0.000000	0.000000	0.000000	-0.324669	-0.038108	0.393899	0.000000	0.000000	0.000000	0.000000	0.000000	0.000000	0.000000	0.000000	0.000000	0.000000	0.000000	0.000000	0.000000	0.000000	0.000000	0.000000	0.000000	0.000000	0.000000	0.000000	0.000000	0.000000	0.000000	0.000000	0.000000	0.000000	0.000000	0.000000	0.000000	0.000000	0.000000	0.000000	0.000000	0.000000	0.000000	4	4	4	5	5	5	5	14.333714	103566	136372	135892	73810	0
186.875000	1	-0.047446	0.317957	-0.944407	-0.000002	0.000303	-0.000715	0.496376	-0.429536	0.672939	0.922749	0.383513	0.038098	-0.352518	0.879841	-0.318763	-0.155770	0.280708	0.947068	0.000000	0.000000	0.000000	2.640000	0.000000	0.000000	0.000000	0	0.000000	0.000000	0.000000	0.000000	0.000000	0.000000	-0.324669	-0.038108	0.393899	0.000000	0.000000	0.000000	0.000000	0.000000	0.000000	0.000000	0.000000	0.000000	0.000000	0.000000	0.000000	0.000000	0.000000	0.000000	0.000000	0.000000	0.000000	0.000000	0.000000	0.000000	0.000000	0.000000	0.000000	0.000000	0.000000	0.000000	0.000000	0.000000	0.000000	0.000000	0.000000	0.000000	0.000000	0.000000	4	4	4	5	5	5	5	14.333714	103566	136374	135890	73810	0
186.886002	1	-0.047732	0.316409	-0.946602	-0.003871	0.002541	0.001981	0.497272	-0.429586	0.672891	0.922735	0.383546	0.038107	-0.352542	0.879819	-0.318800	-0.155802	0.280733	0.947056	0.000000	0.000000	0.000000	2.640000	0.000000	0.000000	0.000000	0	0.000000	0.000000	0.000000	0.000000	0.000000	0.000000	-0.324708	-0.038117	0.393935	0.000000	0.000000	0.000000	0.000000	0.000000	0.000000	0.000000	0.000000	0.000000	0.000000	0.000000	0.000000	0.000000	0.000000	0.000000	0.000000	0.000000	0.000000	0.000000	0.000000	0.000000	0.000000	0.000000	0.000000	0.000000	0.000000	0.000000	0.000000	0.000000	0.000000	0.000000	0.000000	0.000000	0.000000	0.000000	4	4	4	5	5	5	5	14.333714	103566	136374	135890	73810	0
186.895996	1	-0.047732	0.316409	-0.946602	-0.003871	0.002541	0.001981	0.497272	-0.429586	0.672891	0.922735	0.383546	0.038107	-0.352542	0.879819	-0.318800	-0.155802	0.280733	0.947056	0.000000	0.000000	0.000000	2.640000	0.000000	0.000000	0.000000	0	0.000000	0.000000	0.000000	0.000000	0.000000	0.000000	-0.324708	-0.038117	0.393935	0.000000	0.000000	0.000000	0.000000	0.000000	0.000000	0.000000	0.000000	0.000000	0.000000	0.000000	0.000000	0.000000	0.000000	0.000000	0.000000	0.000000	0.000000	0.000000	0.000000	0.000000	0.000000	0.000000	0.000000	0.000000	0.000000	0.000000	0.000000	0.000000	0.000000	0.000000	0.000000	0.000000	0.000000	0.000000	4	4	4	5	5	5	5	14.333714	103564	136374	135890	73808	0
186.912003	1	-0.047828	0.317024	-0.946256	0.001566	0.001477	-0.003960	0.497293	-0.430649	0.672617	0.922743	0.383523	0.038152	-0.352511	0.879840	-0.318775	-0.155825	0.280698	0.947062	0.000000	0.000000	0.000000	2.640000	0.000000	0.000000	0.000000	0	0.000000	0.000000	0.000000	0.000000	0.000000	0.000000	-0.324682	-0.038161	0.393911	0.000000	0.000000	0.000000	0.000000	0.000000	0.000000	0.000000	0.000000	0.000000	0.000000	0.000000	0.000000	0.000000	0.000000	0.000000	0.000000	0.000000	0.000000	0.000000	0.000000	0.000000	0.000000	0.000000	0.000000	0.000000	0.000000	0.000000	0.000000	0.000000	0.000000	0.000000	0.000000	0.000000	0.000000	0.000000	4	4	4	5	5	5	5	14.333714	103564	136374	135890	73808	0
186.923004	1	-0.047828	0.317024	-0.946256	0.001566	0.001477	-0.003960	0.497293	-0.430649	0.672617	0.922743	0.383523	0.038152	-0.352511	0.879840	-0.318775	-0.155825	0.280698	0.947062	0.000000	0.000000	0.000000	2.640000	0.000000	0.000000	0.000000	0	0.000000	0.000000	0.000000	0.000000	0.000000	0.000000	-0.324682	-0.038161	0.393911	0.000000	0.000000	0.000000	0.000000	0.000000	0.000000	0.000000	0.000000	0.000000	0.000000	0.000000	0.000000	0.000000	0.000000	0.000000	0.000000	0.000000	0.000000	0.000000	0.000000	0.000000	0.000000	0.000000	0.000000	0.000000	0.000000	0.000000	0.000000	0.000000	0.000000	0.000000	0.000000	0.000000	0.000000	0.000000	4	4	4	5	5	5	5	14.333714	103566	136374	135890	73808	0
186.932999	1	-0.047200	0.317234	-0.946087	0.002810	0.003912	-0.002546	0.497138	-0.430477	0.672935	0.922751	0.383499	0.038189	-0.352493	0.879881	-0.318681	-0.155816	0.280602	0.947092	0.000000	0.000000	0.000000	2.640000	0.000000	0.000000	0.000000	0	0.000000	0.000000	0.000000	0.000000	0.000000	0.000000	-0.324583	-0.038199	0.393885	0.000000	0.000000	0.000000	0.000000	0.000000	0.000000	0.000000	0.000000	0.000000	0.000000	0.000000	0.000000	0.000000	0.000000	0.000000	0.000000	0.000000	0.000000	0.000000	0.000000	0.000000	0.000000	0.000000	0.000000	0.000000	0.000000	0.000000	0.000000	0.000000	0.000000	0.000000	0.000000	0.000000	0.000000	0.000000	4	4	4	5	5	5	5	14.333714	103566	136374	135890	73808	0
186.947998	1	-0.047200	0.317234	-0.946087	0.002810	0.003912	-0.002546	0.497138	-0.430477	0.672935	0.922751	0.383499	0.038189	-0.352493	0.879881	-0.318681	-0.155816	0.280602	0.947092	0.000000	0.000000	0.000000	2.640000	0.000000	0.000000	0.000000	0	0.000000	0.000000	0.000000	0.000000	0.000000	0.000000	-0.324583	-0.038199	0.393885	0.000000	0.000000	0.000000	0.000000	0.000000	0.000000	0.000000	0.000000	0.000000	0.000000	0.000000	0.000000	0.000000	0.000000	0.000000	0.000000	0.000000	0.000000	0.000000	0.000000	0.000000	0.000000	0.000000	0.000000	0.000000	0.000000	0.000000	0.000000	0.000000	0.000000	0.000000	0.000000	0.000000	0.000000	0.000000	4	4	4	5	5	5	5	14.333714	103566	136374	135892	73810	0
186.959000	1	-0.045948	0.317302	-0.946592	0.000942	-0.000947	0.000391	0.497335	-0.430574	0.673132	0.922753	0.383491	0.038237	-0.352478	0.879902	-0.318639	-0.155840	0.280548	0.947104	0.000000	0.000000	0.000000	2.640000	0.000000	0.000000	0.000000	0	0.000000	0.000000	0.000000	0.000000	0.000000	0.000000	-0.324540	-0.038246	0.393877	0.000000	0.000000	0.000000	0.000000	0.000000	0.000000	0.000000	0.000000	0.000000	0.000000	0.000000	0.000000	0.000000	0.000000	0.000000	0.000000	0.000000	0.000000	0.000000	0.000000	0.000000	0.000000	0.000000	0.000000	0.000000	0.000000	0.000000	0.000000	0.000000	0.000000	0.000000	0.000000	0.000000	0.000000	0.000000	4	4	4	5	5	5	5	14.333714	103566	136374	135892	73810	0
186.970001	1	-0.045948	0.317302	-0.946592	0.000942	-0.000947	0.000391	0.497335	-0.430574	0.673132	0.922753	0.383491	0.038237	-0.352478	0.879902	-0.318639	-0.155840	0.280548	0.947104	0.000000	0.000000	0.000000	2.640000	0.000000	0.000000	0.000000	0	0.000000	0.000000	0.000000	0.000000	0.000000	0.000000	-0.324540	-0.038246	0.393877	0.000000	0.000000	0.000000	0.000000	0.000000	0.000000	0.000000	0.000000	0.000000	0.000000	0.000000	0.000000	0.000000	0.000000	0.000000	0.000000	0.000000	0.000000	0.000000	0.000000	0.000000	0.000000	0.000000	0.000000	0.000000	0.000000	0.000000	0.000000	0.000000	0.000000	0.000000	0.000000	0.000000	0.000000	0.000000	4	4	4	5	5	5	5	14.333714	103566	136372	135804	73810	0
186.985001	1	-0.047297	0.318054	-0.946101	-0.000524	0.003204	-0.004709	0.497175	-0.430310	0.673657	0.922762	0.383464	0.038284	-0.352440	0.879919	-0.318634	-0.155872	0.280531	0.947104	0.000000	0.000000	0.000000	2.640000	0.000000	0.000000	0.000000	0	0.000000	0.000000	0.000000	0.000000	0.000000	0.000000	-0.324535	-0.038294	0.393848	0.000000	0.000000	0.000000	0.000000	0.000000	0.000000	0.000000	0.000000	0.000000	0.000000	0.000000	0.000000	0.000000	0.000000	0.000000	0.000000	0.000000	0.000000	0.000000	0.000000	0.000000	0.000000	0.000000	0.000000	0.000000	0.000000	0.000000	0.000000	0.000000	0.000000	0.000000	0.000000	0.000000	0.000000	0.000000	4	4	4	5	5	5	5	14.333714	103566	136372	135892	73810	0
186.994995	1	-0.047297	0.318054	-0.946101	-0.000524	0.003204	-0.004709	0.497175	-0.430310	0.673657	0.922762	0.383464	0.038284	-0.352440	0.879919	-0.318634	-0.155872	0.280531	0.947104	0.000000	0.000000	0.000000	2.640000	0.000000	0.000000	0.000000	0	0.000000	0.000000	0.000000	0.000000	0.000000	0.000000	-0.324535	-0.038294	0.393848	0.000000	0.000000	0.000000	0.000000	0.000000	0.000000	0.000000	0.000000	0.000000	0.000000	0.000000	0.000000	0.000000	0.000000	0.000000	0.000000	0.000000	0.000000	0.000000	0.000000	0.000000	0.000000	0.000000	0.000000	0.000000	0.000000	0.000000	0.000000	0.000000	0.000000	0.000000	0.000000	0.000000	0.000000	0.000000	4	4	4	5	5	5	5	14.333714	103566	136372	135892	73810	0
187.007996	1	-0.046597	0.316993	-0.945330	-0.001347	0.000898	-0.000787	0.496793	-0.430301	0.672663	0.922768	0.383444	0.038334	-0.352403	0.879925	-0.318660	-0.155919	0.280540	0.947094	0.000000	0.000000	0.000000	2.640000	0.000000	0.000000	0.000000	0	0.000000	0.000000	0.000000	0.000000	0.000000	0.000000	-0.324562	-0.038344	0.393828	0.000000	0.000000	0.000000	0.000000	0.000000	0.000000	0.000000	0.000000	0.000000	0.000000	0.000000	0.000000	0.000000	0.000000	0.000000	0.000000	0.000000	0.000000	0.000000	0.000000	0.000000	0.000000	0.000000	0.000000	0.000000	0.000000	0.000000	0.000000	0.000000	0.000000	0.000000	0.000000	0.000000	0.000000	0.000000	4	4	4	5	5	5	5	14.333714	103566	136372	135892	73812	0
187.018997	1	-0.046597	0.316993	-0.945330	-0.001347	0.000898	-0.000787	0.496793	-0.430301	0.672663	0.922768	0.383444	0.038334	-0.352403	0.879925	-0.318660	-0.155919	0.280540	0.947094	0.000000	0.000000	0.000000	2.640000	0.000000	0.000000	0.000000	0	0.000000	0.000000	0.000000	0.000000	0.000000	0.000000	-0.324562	-0.038344	0.393828	0.000000	0.000000	0.000000	0.000000	0.000000	0.000000	0.000000	0.000000	0.000000	0.000000	0.000000	0.000000	0.000000	0.000000	0.000000	0.000000	0.000000	0.000000	0.000000	0.000000	0.000000	0.000000	0.000000	0.000000	0.000000	0.000000	0.000000	0.000000	0.000000	0.000000	0.000000	0.000000	0.000000	0.000000	0.000000	4	4	4	5	5	5	5	14.333714	103566	136372	135892	73812	0
187.029999	1	-0.047301	0.317563	-0.945848	-0.001872	0.000686	0.001230	0.496749	-0.430465	0.673115	0.922750	0.383483	0.038379	-0.352419	0.879902	-0.318706	-0.155988	0.280561	0.947076	0.000000	0.000000	0.000000	2.640000	0.000000	0.000000	0.000000	0	0.000000	0.000000	0.000000	0.000000	0.000000	0.000000	-0.324612	-0.038389	0.393870	0.000000	0.000000	0.000000	0.000000	0.000000	0.000000	0.000000	0.000000	0.000000	0.000000	0.000000	0.000000	0.000000	0.000000	0.000000	0.000000	0.000000	0.000000	0.000000	0.000000	0.000000	0.000000	0.000000	0.000000	0.000000	0.000000	0.000000	0.000000	0.000000	0.000000	0.000000	0.000000	0.000000	0.000000	0.000000	4	4	4	5	5	5	5	14.333714	103566	136372	135890	73810	0
187.042999	1	-0.047301	0.317563	-0.945848	-0.001872	0.000686	0.001230	0.496749	-0.430465	0.673115	0.922750	0.383483	0.038379	-0.352419	0.879902	-0.318706	-0.155988	0.280561	0.947076	0.000000	0.000000	0.000000	2.640000	0.000000	0.000000	0.000000	0	0.000000	0.000000	0.000000	0.000000	0.000000	0.000000	-0.324612	-0.038389	0.393870	0.000000	0.000000	0.000000	0.000000	0.000000	0.000000	0.000000	0.000000	0.000000	0.000000	0.000000	0.000000	0.000000	0.000000	0.000000	0.000000	0.000000	0.000000	0.000000	0.000000	0.000000	0.000000	0.000000	0.000000	0.000000	0.000000	0.000000	0.000000	0.000000	0.000000	0.000000	0.000000	0.000000	0.000000	0.000000	4	4	4	5	5	5	5	14.333714	103566	136372	135890	73810	0
187.052994	1	-0.046803	0.317209	-0.946528	-0.000403	0.001729	-0.001856	0.497811	-0.430940	0.673251	0.922739	0.383514	0.038328	-0.352461	0.879878	-0.318725	-0.155959	0.280591	0.947072	0.000000	0.000000	0.000000	2.640000	0.000000	0.000000	0.000000	0	0.000000	0.000000	0.000000	0.000000	0.000000	0.000000	-0.324631	-0.038337	0.393904	0.000000	0.000000	0.000000	0.000000	0.000000	0.000000	0.000000	0.000000	0.000000	0.000000	0.000000	0.000000	0.000000	0.000000	0.000000	0.000000	0.000000	0.000000	0.000000	0.000000	0.000000	0.000000	0.000000	0.000000	0.000000	0.000000	0.000000	0.000000	0.000000	0.000000	0.000000	0.000000	0.000000	0.000000	0.000000	4	4	4	5	5	5	5	14.333714	103564	136374	135892	73808	0
187.063995	1	-0.046803	0.317209	-0.946528	-0.000403	0.001729	-0.001856	0.497811	-0.430940	0.673251	0.922739	0.383514	0.038328	-0.352461	0.879878	-0.318725	-0.155959	0.280591	0.947072	0.000000	0.000000	0.000000	2.640000	0.000000	0.000000	0.000000	0	0.000000	0.000000	0.000000	0.000000	0.000000	0.000000	-0.324631	-0.038337	0.393904	0.000000	0.000000	0.000000	0.000000	0.000000	0.000000	0.000000	0.000000	0.000000	0.000000	0.000000	0.000000	0.000000	0.000000	0.000000	0.000000	0.000000	0.000000	0.000000	0.000000	0.000000	0.000000	0.000000	0.000000	0.000000	0.000000	0.000000	0.000000	0.000000	0.000000	0.000000	0.000000	0.000000	0.000000	0.000000	4	4	4	5	5	5	5	14.333714	103564	136374	135892	73808	0
187.076996	1	-0.045876	0.317789	-0.945698	-0.003447	0.003633	-0.001815	0.496691	-0.430725	0.672969	0.922751	0.383489	0.038302	-0.352433	0.879864	-0.318796	-0.155956	0.280670	0.947049	0.000000	0.000000	0.000000	2.640000	0.000000	0.000000	0.000000	0	0.000000	0.000000	0.000000	0.000000	0.000000	0.000000	-0.324706	-0.038312	0.393876	0.000000	0.000000	0.000000	0.000000	0.000000	0.000000	0.000000	0.000000	0.000000	0.000000	0.000000	0.000000	0.000000	0.000000	0.000000	0.000000	0.000000	0.000000	0.000000	0.000000	0.000000	0.000000	0.000000	0.000000	0.000000	0.000000	0.000000	0.000000	0.000000	0.000000	0.000000	0.000000	0.000000	0.000000	0.000000	4	4	4	5	5	5	5	14.333714	103566	136374	135890	73810	0
187.087997	1	-0.045876	0.317789	-0.945698	-0.003447	0.003633	-0.001815	0.496691	-0.430725	0.672969	0.922751	0.383489	0.038302	-0.352433	0.879864	-0.318796	-0.155956	0.280670	0.947049	0.000000	0.000000	0.000000	2.640000	0.000000	0.000000	0.000000	0	0.000000	0.000000	0.000000	0.000000	0.000000	0.000000	-0.324706	-0.038312	0.393876	0.000000	0.000000	0.000000	0.000000	0.000000	0.000000	0.000000	0.000000	0.000000	0.000000	0.000000	0.000000	0.000000	0.000000	0.000000	0.000000	0.000000	0.000000	0.000000	0.000000	0.000000	0.000000	0.000000	0.000000	0.000000	0.000000	0.000000	0.000000	0.000000	0.000000	0.000000	0.000000	0.000000	0.000000	0.000000	4	4	4	5	5	5	5	14.333714	103566	136374	135890	73810	0
187.098007	1	-0.048134	0.318109	-0.946237	0.000292	0.001320	0.002947	0.496904	-0.430507	0.671952	0.922716	0.383570	0.038332	-0.352504	0.879842	-0.318777	-0.156000	0.280628	0.947054	0.000000	0.000000	0.000000	2.640000	0.000000	0.000000	0.000000	0	0.000000	0.000000	0.000000	0.000000	0.000000	0.000000	-0.324686	-0.038342	0.393964	0.000000	0.000000	0.000000	0.000000	0.000000	0.000000	0.000000	0.000000	0.000000	0.000000	0.000000	0.000000	0.000000	0.000000	0.000000	0.000000	0.000000	0.000000	0.000000	0.000000	0.000000	0.000000	0.000000	0.000000	0.000000	0.000000	0.000000	0.000000	0.000000	0.000000	0.000000	0.000000	0.000000	0.000000	0.000000	4	4	4	5	5	5	5	14.333714	103564	136372	135890	73808	0
187.110992	1	-0.048134	0.318109	-0.946237	0.000292	0.001320	0.002947	0.496904	-0.430507	0.671952	0.922716	0.383570	0.038332	-0.352504	0.879842	-0.318777	-0.156000	0.280628	0.947054	0.000000	0.000000	0.000000	2.640000	0.000000	0.000000	0.000000	0	0.000000	0.000000	0.000000	0.000000	0.000000	0.000000	-0.324686	-0.038342	0.393964	0.000000	0.000000	0.000000	0.000000	0.000000	0.000000	0.000000	0.000000	0.000000	0.000000	0.000000	0.000000	0.000000	0.000000	0.000000	0.000000	0.000000	0.000000	0.000000	0.000000	0.000000	0.000000	0.000000	0.000000	0.000000	0.000000	0.000000	0.000000	0.000000	0.000000	0.000000	0.000000	0.000000	0.000000	0.000000	4	4	4	5	5	5	5	14.333714	103564	136372	135890	73808	0
187.121994	1	-0.047374	0.318594	-0.946349	-0.000677	0.000715	0.000302	0.496978	-0.429940	0.672017	0.922700	0.383603	0.038393	-0.352509	0.879819	-0.318836	-0.156085	0.280656	0.947032	0.000000	0.000000	0.000000	2.640000	0.000000	0.000000	0.000000	0	0.000000	0.000000	0.000000	0.000000	0.000000	0.000000	-0.324749	-0.038402	0.394001	0.000000	0.000000	0.000000	0.000000	0.000000	0.000000	0.000000	0.000000	0.000000	0.000000	0.000000	0.000000	0.000000	0.000000	0.000000	0.000000	0.000000	0.000000	0.000000	0.000000	0.000000	0.000000	0.000000	0.000000	0.000000	0.000000	0.000000	0.000000	0.000000	0.000000	0.000000	0.000000	0.000000	0.000000	0.000000	4	4	4	5	5	5	5	14.333714	103564	136372	135890	73808	0
187.136993	1	-0.047374	0.318594	-0.946349	-0.000677	0.000715	0.000302	0.496978	-0.429940	0.672017	0.922700	0.383603	0.038393	-0.352509	0.879819	-0.318836	-0.156085	0.280656	0.947032	0.000000	0.000000	0.000000	2.640000	0.000000	0.000000	0.000000	0	0.000000	0.000000	0.000000	0.000000	0.000000	0.000000	-0.324749	-0.038402	0.394001	0.000000	0.000000	0.000000	0.000000	0.000000	0.000000	0.000000	0.000000	0.000000	0.000000	0.000000	0.000000	0.000000	0.000000	0.000000	0.000000	0.000000	0.000000	0.000000	0.000000	0.000000	0.000000	0.000000	0.000000	0.000000	0.000000	0.000000	0.000000	0.000000	0.000000	0.000000	0.000000	0.000000	0.000000	0.000000	4	4	4	5	5	5	5	14.333714	103566	136372	135892	73810	0
187.147003	1	-0.048548	0.317796	-0.945087	0.002578	0.002146	-0.005905	0.496763	-0.430440	0.672916	0.922730	0.383525	0.038446	-0.352431	0.879874	-0.318768	-0.156083	0.280587	0.947053	0.000000	0.000000	0.000000	2.640000	0.000000	0.000000	0.000000	0	0.000000	0.000000	0.000000	0.000000	0.000000	0.000000	-0.324678	-0.038455	0.393918	0.000000	0.000000	0.000000	0.000000	0.000000	0.000000	0.000000	0.000000	0.000000	0.000000	0.000000	0.000000	0.000000	0.000000	0.000000	0.000000	0.000000	0.000000	0.000000	0.000000	0.000000	0.000000	0.000000	0.000000	0.000000	0.000000	0.000000	0.000000	0.000000	0.000000	0.000000	0.000000	0.000000	0.000000	0.000000	4	4	4	5	5	5	5	14.333714	103566	136372	135892	73810	0
187.158005	1	-0.048548	0.317796	-0.945087	0.002578	0.002146	-0.005905	0.496763	-0.430440	0.672916	0.922730	0.383525	0.038446	-0.352431	0.879874	-0.318768	-0.156083	0.280587	0.947053	0.000000	0.000000	0.000000	2.640000	0.000000	0.000000	0.000000	0	0.000000	0.000000	0.000000	0.000000	0.000000	0.000000	-0.324678	-0.038455	0.393918	0.000000	0.000000	0.000000	0.000000	0.000000	0.000000	0.000000	0.000000	0.000000	0.000000	0.000000	0.000000	0.000000	0.000000	0.000000	0.000000	0.000000	0.000000	0.000000	0.000000	0.000000	0.000000	0.000000	0.000000	0.000000	0.000000	0.000000	0.000000	0.000000	0.000000	0.000000	0.000000	0.000000	0.000000	0.000000	4	4	4	5	5	5	5	14.333714	103566	136372	135890	73706	0
187.173004	1	-0.045958	0.317783	-0.947151	-0.000665	0.005660	-0.000067	0.498124	-0.430492	0.673409	0.922730	0.383529	0.038391	-0.352450	0.879866	-0.318772	-0.156037	0.280609	0.947054	0.000000	0.000000	0.000000	2.640000	0.000000	0.000000	0.000000	0	0.000000	0.000000	0.000000	0.000000	0.000000	0.000000	-0.324681	-0.038401	0.393921	0.000000	0.000000	0.000000	0.000000	0.000000	0.000000	0.000000	0.000000	0.000000	0.000000	0.000000	0.000000	0.000000	0.000000	0.000000	0.000000	0.000000	0.000000	0.000000	0.000000	0.000000	0.000000	0.000000	0.000000	0.000000	0.000000	0.000000	0.000000	0.000000	0.000000	0.000000	0.000000	0.000000	0.000000	0.000000	4	4	4	5	5	5	5	14.333714	103566	136372	135890	73706	0
187.184006	1	-0.045958	0.317783	-0.947151	-0.000665	0.005660	-0.000067	0.498124	-0.430492	0.673409	0.922730	0.383529	0.038391	-0.352450	0.879866	-0.318772	-0.156037	0.280609	0.947054	0.000000	0.000000	0.000000	2.640000	0.000000	0.000000	0.000000	0	0.000000	0.000000	0.000000	0.000000	0.000000	0.000000	-0.324681	-0.038401	0.393921	0.000000	0.000000	0.000000	0.000000	0.000000	0.000000	0.000000	0.000000	0.000000	0.000000	0.000000	0.000000	0.000000	0.000000	0.000000	0.000000	0.000000	0.000000	0.000000	0.000000	0.000000	0.000000	0.000000	0.000000	0.000000	0.000000	0.000000	0.000000	0.000000	0.000000	0.000000	0.000000	0.000000	0.000000	0.000000	4	4	4	5	5	5	5	14.333714	103566	136372	135892	73706	0
187.194000	1	-0.048559	0.318273	-0.946981	0.001334	0.003591	-0.003142	0.496170	-0.429777	0.673291	0.922771	0.383427	0.038432	-0.352337	0.879903	-0.318795	-0.156051	0.280634	0.947044	0.000000	0.000000	0.000000	2.640000	0.000000	0.000000	0.000000	0	0.000000	0.000000	0.000000	0.000000	0.000000	0.000000	-0.324707	-0.038441	0.393811	0.000000	0.000000	0.000000	0.000000	0.000000	0.000000	0.000000	0.000000	0.000000	0.000000	0.000000	0.000000	0.000000	0.000000	0.000000	0.000000	0.000000	0.000000	0.000000	0.000000	0.000000	0.000000	0.000000	0.000000	0.000000	0.000000	0.000000	0.000000	0.000000	0.000000	0.000000	0.000000	0.000000	0.000000	0.000000	4	4	4	5	5	5	5	14.333714	103566	136372	135892	73706	0
187.209000	1	-0.048559	0.318273	-0.946981	0.001334	0.003591	-0.003142	0.496170	-0.429777	0.673291	0.922771	0.383427	0.038432	-0.352337	0.879903	-0.318795	-0.156051	0.280634	0.947044	0.000000	0.000000	0.000000	2.640000	0.000000	0.000000	0.000000	0	0.000000	0.000000	0.000000	0.000000	0.000000	0.000000	-0.324707	-0.038441	0.393811	0.000000	0.000000	0.000000	0.000000	0.000000	0.000000	0.000000	0.000000	0.000000	0.000000	0.000000	0.000000	0.000000	0.000000	0.000000	0.000000	0.000000	0.000000	0.000000	0.000000	0.000000	0.000000	0.000000	0.000000	0.000000	0.000000	0.000000	0.000000	0.000000	0.000000	0.000000	0.000000	0.000000	0.000000	0.000000	4	4	4	5	5	5	5	14.333714	103566	136372	135890	73706	0
187.220001	1	-0.046866	0.317701	-0.945885	-0.004426	0.002546	-0.002591	0.496505	-0.430379	0.672868	0.922772	0.383420	0.038491	-0.352310	0.879905	-0.318818	-0.156109	0.280636	0.947034	0.000000	0.000000	0.000000	2.640000	0.000000	0.000000	0.000000	0	0.000000	0.000000	0.000000	0.000000	0.000000	0.000000	-0.324732	-0.038500	0.393804	0.000000	0.000000	0.000000	0.000000	0.000000	0.000000	0.000000	0.000000	0.000000	0.000000	0.000000	0.000000	0.000000	0.000000	0.000000	0.000000	0.000000	0.000000	0.000000	0.000000	0.000000	0.000000	0.000000	0.000000	0.000000	0.000000	0.000000	0.000000	0.000000	0.000000	0.000000	0.000000	0.000000	0.000000	0.000000	4	4	4	5	5	5	5	14.333714	103566	136372	135890	73706	0
187.229996	1	-0.046866	0.317701	-0.945885	-0.004426	0.002546	-0.002591	0.496505	-0.430379	0.672868	0.922772	0.383420	0.038491	-0.352310	0.879905	-0.318818	-0.156109	0.280636	0.947034	0.000000	0.000000	0.000000	2.640000	0.000000	0.000000	0.000000	0	0.000000	0.000000	0.000000	0.000000	0.000000	0.000000	-0.324732	-0.038500	0.393804	0.000000	0.000000	0.000000	0.000000	0.000000	0.000000	0.000000	0.000000	0.000000	0.000000	0.000000	0.000000	0.000000	0.000000	0.000000	0.000000	0.000000	0.000000	0.000000	0.000000	0.000000	0.000000	0.000000	0.000000	0.000000	0.000000	0.000000	0.000000	0.000000	0.000000	0.000000	0.000000	0.000000	0.000000	0.000000	4	4	4	5	5	5	5	14.333714	103566	136372	135892	73706	0
187.244995	1	-0.047969	0.317457	-0.944133	0.001407	-0.000352	-0.000563	0.496883	-0.430348	0.672826	0.922766	0.383432	0.038499	-0.352325	0.879912	-0.318781	-0.156107	0.280596	0.947046	0.000000	0.000000	0.000000	2.640000	0.000000	0.000000	0.000000	0	0.000000	0.000000	0.000000	0.000000	0.000000	0.000000	-0.324693	-0.038509	0.393818	0.000000	0.000000	0.000000	0.000000	0.000000	0.000000	0.000000	0.000000	0.000000	0.000000	0.000000	0.000000	0.000000	0.000000	0.000000	0.000000	0.000000	0.000000	0.000000	0.000000	0.000000	0.000000	0.000000	0.000000	0.000000	0.000000	0.000000	0.000000	0.000000	0.000000	0.000000	0.000000	0.000000	0.000000	0.000000	4	4	4	5	5	5	5	14.333714	103566	136372	135890	73616	0
187.255997	1	-0.047969	0.317457	-0.944133	0.001407	-0.000352	-0.000563	0.496883	-0.430348	0.672826	0.922766	0.383432	0.038499	-0.352325	0.879912	-0.318781	-0.156107	0.280596	0.947046	0.000000	0.000000	0.000000	2.640000	0.000000	0.000000	0.000000	0	0.000000	0.000000	0.000000	0.000000	0.000000	0.000000	-0.324693	-0.038509	0.393818	0.000000	0.000000	0.000000	0.000000	0.000000	0.000000	0.000000	0.000000	0.000000	0.000000	0.000000	0.000000	0.000000	0.000000	0.000000	0.000000	0.000000	0.000000	0.000000	0.000000	0.000000	0.000000	0.000000	0.000000	0.000000	0.000000	0.000000	0.000000	0.000000	0.000000	0.000000	0.000000	0.000000	0.000000	0.000000	4	4	4	5	5	5	5	14.333714	103566	136372	135890	73616	0
187.268997	1	-0.046502	0.319232	-0.945039	0.001627	0.004253	0.001989	0.497365	-0.430158	0.672842	0.922756	0.383454	0.038523	-0.352340	0.879908	-0.318777	-0.156133	0.280580	0.947047	0.000000	0.000000	0.000000	2.640000	0.000000	0.000000	0.000000	0	0.000000	0.000000	0.000000	0.000000	0.000000	0.000000	-0.324688	-0.038533	0.393841	0.000000	0.000000	0.000000	0.000000	0.000000	0.000000	0.000000	0.000000	0.000000	0.000000	0.000000	0.000000	0.000000	0.000000	0.000000	0.000000	0.000000	0.000000	0.000000	0.000000	0.000000	0.000000	0.000000	0.000000	0.000000	0.000000	0.000000	0.000000	0.000000	0.000000	0.000000	0.000000	0.000000	0.000000	0.000000	4	4	4	5	5	5	5	14.333714	103566	136372	135880	73614	0
187.279999	1	-0.046502	0.319232	-0.945039	0.001627	0.004253	0.001989	0.497365	-0.430158	0.672842	0.922756	0.383454	0.038523	-0.352340	0.879908	-0.318777	-0.156133	0.280580	0.947047	0.000000	0.000000	0.000000	2.640000	0.000000	0.000000	0.000000	0	0.000000	0.000000	0.000000	0.000000	0.000000	0.000000	-0.324688	-0.038533	0.393841	0.000000	0.000000	0.000000	0.000000	0.000000	0.000000	0.000000	0.000000	0.000000	0.000000	0.000000	0.000000	0.000000	0.000000	0.000000	0.000000	0.000000	0.000000	0.000000	0.000000	0.000000	0.000000	0.000000	0.000000	0.000000	0.000000	0.000000	0.000000	0.000000	0.000000	0.000000	0.000000	0.000000	0.000000	0.000000	4	4	4	5	5	5	5	14.333714	103566	136372	135880	73614	0
