13.408000	0	0.003447	0.024773	0.999353	-0.003378	0.007535	-0.001839	-0.102054	-0.195004	-0.557701	-0.483856	-0.875118	0.007231	-0.874842	0.483452	-0.030444	0.023146	-0.021057	-0.999510	0.000000	0.000000	0.000000	16.959999	0.000000	0.000000	0.000000	0	0.000000	0.000000	0.000000	0.000000	0.000000	0.000000	-3.111143	-0.007231	-2.075866	0.100000	0.000000	0.000000	0.100000	0.000000	0.000000	0.100000	0.000000	0.000000	0.100000	0.000000	0.000000	0.000000	0.000000	0.000000	0.000000	0.000000	0.000000	0.000000	0.000000	0.000000	0.000000	0.000000	0.000000	0.000000	0.000000	0.000000	0.000000	0.000000	0.000000	0.000000	0.000000	0.000000	0.000000	0.207587	4	4	4	5	5	5	5	13.912135	0	0	0	0	0	0.000000	0.000000	0.000000	0.000000
13.424000	0	0.005849	0.034046	0.997322	0.007948	0.007340	-0.002924	-0.103225	-0.196010	-0.557213	-0.483624	-0.875249	0.006904	-0.874979	0.483239	-0.029866	0.022803	-0.020485	-0.999530	0.000000	0.000000	0.000000	16.990000	0.000000	0.000000	0.000000	0	0.000000	0.000000	0.000000	0.000000	0.000000	0.000000	-3.111722	-0.006904	-2.075600	0.100000	0.000000	0.000000	0.100000	0.000000	0.000000	0.100000	0.000000	0.000000	0.100000	0.000000	0.000000	0.000000	0.000000	0.000000	0.000000	0.000000	0.000000	0.000000	0.000000	0.000000	0.000000	0.000000	0.000000	0.000000	0.000000	0.000000	0.000000	0.000000	0.000000	0.000000	0.000000	0.000000	0.000000	0.207560	4	4	4	5	5	5	5	13.912135	0	0	0	0	0	0.000000	0.000000	0.000000	0.000000
13.435000	0	0.005849	0.034046	0.997322	0.007948	0.007340	-0.002924	-0.103225	-0.196010	-0.557213	-0.483624	-0.875249	0.006904	-0.874979	0.483239	-0.029866	0.022803	-0.020485	-0.999530	0.000000	0.000000	0.000000	16.990000	0.000000	0.000000	0.000000	0	0.000000	0.000000	0.000000	0.000000	0.000000	0.000000	-3.111722	-0.006904	-2.075600	0.100000	0.000000	0.000000	0.100000	0.000000	0.000000	0.100000	0.000000	0.000000	0.100000	0.000000	0.000000	0.000000	0.000000	0.000000	0.000000	0.000000	0.000000	0.000000	0.000000	0.000000	0.000000	0.000000	0.000000	0.000000	0.000000	0.000000	0.000000	0.000000	0.000000	0.000000	0.000000	0.000000	0.000000	0.207560	4	4	4	5	5	5	5	13.949888	0	0	0	0	0	0.000000	0.000000	0.000000	0.000000
13.449000	0	0.004812	0.036467	1.001740	0.000486	-0.001477	-0.001472	-0.102787	-0.195431	-0.557533	-0.483690	-0.875213	0.006795	-0.874940	0.483307	-0.029890	0.022876	-0.020403	-0.999530	0.000000	0.000000	0.000000	16.990000	0.000000	0.000000	0.000000	0	0.000000	0.000000	0.000000	0.000000	0.000000	0.000000	-3.111698	-0.006795	-2.075675	0.100000	0.000000	0.000000	0.100000	0.000000	0.000000	0.100000	0.000000	0.000000	0.100000	0.000000	0.000000	0.000000	0.000000	0.000000	0.000000	0.000000	0.000000	0.000000	0.000000	0.000000	0.000000	0.000000	0.000000	0.000000	0.000000	0.000000	0.000000	0.000000	0.000000	0.000000	0.000000	0.000000	0.000000	0.207567	4	4	4	5	5	5	5	13.949888	0	0	0	0	0	0.000000	0.000000	0.000000	0.000000
13.460000	0	0.004812	0.036467	1.001740	0.000486	-0.001477	-0.001472	-0.102787	-0.195431	-0.557533	-0.483690	-0.875213	0.006795	-0.874940	0.483307	-0.029890	0.022876	-0.020403	-0.999530	0.000000	0.000000	0.000000	17.049999	0.000000	0.000000	0.000000	0	0.000000	0.000000	0.000000	0.000000	0.000000	0.000000	-3.111698	-0.006795	-2.075675	0.100000	0.000000	0.000000	0.100000	0.000000	0.000000	0.100000	0.000000	0.000000	0.100000	0.000000	0.000000	0.000000	0.000000	0.000000	0.000000	0.000000	0.000000	0.000000	0.000000	0.000000	0.000000	0.000000	0.000000	0.000000	0.000000	0.000000	0.000000	0.000000	0.000000	0.000000	0.000000	0.000000	0.000000	0.207567	4	4	4	5	5	5	5	13.949888	0	0	0	0	0	0.000000	0.000000	0.000000	0.000000
13.476000	0	0.003540	0.031468	0.998005	0.002141	0.005585	-0.004707	-0.102527	-0.195866	-0.556604	-0.483677	-0.875220	0.006746	-0.874945	0.483295	-0.029951	0.022953	-0.020389	-0.999529	0.000000	0.000000	0.000000	17.049999	0.000000	0.000000	0.000000	0	0.000000	0.000000	0.000000	0.000000	0.000000	0.000000	-3.111636	-0.006746	-2.075660	0.100000	0.000000	0.000000	0.100000	0.000000	0.000000	0.100000	0.000000	0.000000	0.100000	0.000000	0.000000	0.000000	0.000000	0.000000	0.000000	0.000000	0.000000	0.000000	0.000000	0.000000	0.000000	0.000000	0.000000	0.000000	0.000000	0.000000	0.000000	0.000000	0.000000	0.000000	0.000000	0.000000	0.000000	0.207566	4	4	4	5	5	5	5	13.949888	0	0	0	0	0	0.000000	0.000000	0.000000	0.000000
13.487000	0	0.003540	0.031468	0.998005	0.002141	0.005585	-0.004707	-0.102527	-0.195866	-0.556604	-0.483677	-0.875220	0.006746	-0.874945	0.483295	-0.029951	0.022953	-0.020389	-0.999529	0.000000	0.000000	0.000000	17.049999	0.000000	0.000000	0.000000	0	0.000000	0.000000	0.000000	0.000000	0.000000	0.000000	-3.111636	-0.006746	-2.075660	0.100000	0.000000	0.000000	0.100000	0.000000	0.000000	0.100000	0.000000	0.000000	0.100000	0.000000	0.000000	0.000000	0.000000	0.000000	0.000000	0.000000	0.000000	0.000000	0.000000	0.000000	0.000000	0.000000	0.000000	0.000000	0.000000	0.000000	0.000000	0.000000	0.000000	0.000000	0.000000	0.000000	0.000000	0.207566	4	4	4	5	5	5	5	13.949888	0	0	0	0	0	0.000000	0.000000	0.000000	0.000000
13.498000	0	0.005007	0.025092	1.002946	0.002759	0.003198	-0.001297	-0.103081	-0.195411	-0.557339	-0.483692	-0.875212	0.006814	-0.874939	0.483308	-0.029929	0.022901	-0.020439	-0.999529	0.000000	0.000000	0.000000	16.969999	0.000000	0.000000	0.000000	0	0.000000	0.000000	0.000000	0.000000	0.000000	0.000000	-3.111659	-0.006814	-2.075677	0.100000	0.000000	0.000000	0.100000	0.000000	0.000000	0.100000	0.000000	0.000000	0.100000	0.000000	0.000000	0.000000	0.000000	0.000000	0.000000	0.000000	0.000000	0.000000	0.000000	0.000000	0.000000	0.000000	0.000000	0.000000	0.000000	0.000000	0.000000	0.000000	0.000000	0.000000	0.000000	0.000000	0.000000	0.207568	4	4	4	5	5	5	5	13.949888	0	0	0	0	0	0.000000	0.000000	0.000000	0.000000
13.513000	0	0.005007	0.025092	1.002946	0.002759	0.003198	-0.001297	-0.103081	-0.195411	-0.557339	-0.483692	-0.875212	0.006814	-0.874939	0.483308	-0.029929	0.022901	-0.020439	-0.999529	0.000000	0.000000	0.000000	16.969999	0.000000	0.000000	0.000000	0	0.000000	0.000000	0.000000	0.000000	0.000000	0.000000	-3.111659	-0.006814	-2.075677	0.100000	0.000000	0.000000	0.100000	0.000000	0.000000	0.100000	0.000000	0.000000	0.100000	0.000000	0.000000	0.000000	0.000000	0.000000	0.000000	0.000000	0.000000	0.000000	0.000000	0.000000	0.000000	0.000000	0.000000	0.000000	0.000000	0.000000	0.000000	0.000000	0.000000	0.000000	0.000000	0.000000	0.000000	0.207568	4	4	4	5	5	5	5	13.949888	0	0	0	0	0	0.000000	0.000000	0.000000	0.000000
13.525000	0	0.005531	0.023522	1.007633	0.000716	0.002036	-0.002271	-0.102866	-0.195077	-0.558330	-0.483678	-0.875220	0.006779	-0.874948	0.483297	-0.029829	0.022831	-0.020359	-0.999532	0.000000	0.000000	0.000000	16.969999	0.000000	0.000000	0.000000	0	0.000000	0.000000	0.000000	0.000000	0.000000	0.000000	-3.111758	-0.006779	-2.075661	0.100000	0.000000	0.000000	0.100000	0.000000	0.000000	0.100000	0.000000	0.000000	0.100000	0.000000	0.000000	0.000000	0.000000	0.000000	0.000000	0.000000	0.000000	0.000000	0.000000	0.000000	0.000000	0.000000	0.000000	0.000000	0.000000	0.000000	0.000000	0.000000	0.000000	0.000000	0.000000	0.000000	0.000000	0.207566	4	4	4	5	5	5	5	13.949888	0	0	0	0	0	0.000000	0.000000	0.000000	0.000000
13.538000	0	0.005531	0.023522	1.007633	0.000716	0.002036	-0.002271	-0.102866	-0.195077	-0.558330	-0.483678	-0.875220	0.006779	-0.874948	0.483297	-0.029829	0.022831	-0.020359	-0.999532	0.000000	0.000000	0.000000	17.010000	0.000000	0.000000	0.000000	0	0.000000	0.000000	0.000000	0.000000	0.000000	0.000000	-3.111758	-0.006779	-2.075661	0.100000	0.000000	0.000000	0.100000	0.000000	0.000000	0.100000	0.000000	0.000000	0.100000	0.000000	0.000000	0.000000	0.000000	0.000000	0.000000	0.000000	0.000000	0.000000	0.000000	0.000000	0.000000	0.000000	0.000000	0.000000	0.000000	0.000000	0.000000	0.000000	0.000000	0.000000	0.000000	0.000000	0.000000	0.207566	4	4	4	5	5	5	5	13.949888	0	0	0	0	0	0.000000	0.000000	0.000000	0.000000
13.549000	0	0.003881	0.024500	1.001887	0.002301	0.004446	-0.002097	-0.102289	-0.195422	-0.558170	-0.483638	-0.875241	0.006794	-0.874970	0.483257	-0.029825	0.022821	-0.020369	-0.999532	0.000000	0.000000	0.000000	17.010000	0.000000	0.000000	0.000000	0	0.000000	0.000000	0.000000	0.000000	0.000000	0.000000	-3.111763	-0.006794	-2.075616	0.100000	0.000000	0.000000	0.100000	0.000000	0.000000	0.100000	0.000000	0.000000	0.100000	0.000000	0.000000	0.000000	0.000000	0.000000	0.000000	0.000000	0.000000	0.000000	0.000000	0.000000	0.000000	0.000000	0.000000	0.000000	0.000000	0.000000	0.000000	0.000000	0.000000	0.000000	0.000000	0.000000	0.000000	0.207562	4	4	4	5	5	5	5	13.949888	0	0	0	0	0	0.000000	0.000000	0.000000	0.000000
13.561000	0	0.003881	0.024500	1.001887	0.002301	0.004446	-0.002097	-0.102289	-0.195422	-0.558170	-0.483638	-0.875241	0.006794	-0.874970	0.483257	-0.029825	0.022821	-0.020369	-0.999532	0.000000	0.000000	0.000000	17.010000	0.000000	0.000000	0.000000	0	0.000000	0.000000	0.000000	0.000000	0.000000	0.000000	-3.111763	-0.006794	-2.075616	0.100000	0.000000	0.000000	0.100000	0.000000	0.000000	0.100000	0.000000	0.000000	0.100000	0.000000	0.000000	0.000000	0.000000	0.000000	0.000000	0.000000	0.000000	0.000000	0.000000	0.000000	0.000000	0.000000	0.000000	0.000000	0.000000	0.000000	0.000000	0.000000	0.000000	0.000000	0.000000	0.000000	0.000000	0.207562	4	4	4	5	5	5	5	13.949888	0	0	0	0	0	0.000000	0.000000	0.000000	0.000000
13.574000	0	0.004866	0.027993	1.003255	0.005296	0.011026	-0.003758	-0.102777	-0.195514	-0.558187	-0.483594	-0.875265	0.006941	-0.874995	0.483207	-0.029928	0.022841	-0.020547	-0.999528	0.000000	0.000000	0.000000	16.980000	0.000000	0.000000	0.000000	0	0.000000	0.000000	0.000000	0.000000	0.000000	0.000000	-3.111660	-0.006941	-2.075565	0.100000	0.000000	0.000000	0.100000	0.000000	0.000000	0.100000	0.000000	0.000000	0.100000	0.000000	0.000000	0.000000	0.000000	0.000000	0.000000	0.000000	0.000000	0.000000	0.000000	0.000000	0.000000	0.000000	0.000000	0.000000	0.000000	0.000000	0.000000	0.000000	0.000000	0.000000	0.000000	0.000000	0.000000	0.207557	4	4	4	5	5	5	5	13.949888	0	0	0	0	0	0.000000	0.000000	0.000000	0.000000
13.585000	0	0.004866	0.027993	1.003255	0.005296	0.011026	-0.003758	-0.102777	-0.195514	-0.558187	-0.483594	-0.875265	0.006941	-0.874995	0.483207	-0.029928	0.022841	-0.020547	-0.999528	0.000000	0.000000	0.000000	16.980000	0.000000	0.000000	0.000000	0	0.000000	0.000000	0.000000	0.000000	0.000000	0.000000	-3.111660	-0.006941	-2.075565	0.100000	0.000000	0.000000	0.100000	0.000000	0.000000	0.100000	0.000000	0.000000	0.100000	0.000000	0.000000	0.000000	0.000000	0.000000	0.000000	0.000000	0.000000	0.000000	0.000000	0.000000	0.000000	0.000000	0.000000	0.000000	0.000000	0.000000	0.000000	0.000000	0.000000	0.000000	0.000000	0.000000	0.000000	0.207557	4	4	4	5	5	5	5	13.949888	0	0	0	0	0	0.000000	0.000000	0.000000	0.000000
13.601000	0	0.006296	0.032581	1.004307	0.003047	0.001878	-0.001189	-0.102340	-0.195334	-0.557477	-0.483556	-0.875286	0.006932	-0.875014	0.483168	-0.029994	0.022904	-0.020569	-0.999526	0.000000	0.000000	0.000000	16.980000	0.000000	0.000000	0.000000	0	0.000000	0.000000	0.000000	0.000000	0.000000	0.000000	-3.111594	-0.006932	-2.075522	0.100000	0.000000	0.000000	0.100000	0.000000	0.000000	0.100000	0.000000	0.000000	0.100000	0.000000	0.000000	0.000000	0.000000	0.000000	0.000000	0.000000	0.000000	0.000000	0.000000	0.000000	0.000000	0.000000	0.000000	0.000000	0.000000	0.000000	0.000000	0.000000	0.000000	0.000000	0.000000	0.000000	0.000000	0.207552	4	4	4	5	5	5	5	13.949888	0	0	0	0	0	0.000000	0.000000	0.000000	0.000000
13.612000	0	0.006296	0.032581	1.004307	0.003047	0.001878	-0.001189	-0.102340	-0.195334	-0.557477	-0.483556	-0.875286	0.006932	-0.875014	0.483168	-0.029994	0.022904	-0.020569	-0.999526	0.000000	0.000000	0.000000	16.900000	0.000000	0.000000	0.000000	0	0.000000	0.000000	0.000000	0.000000	0.000000	0.000000	-3.111594	-0.006932	-2.075522	0.100000	0.000000	0.000000	0.100000	0.000000	0.000000	0.100000	0.000000	0.000000	0.100000	0.000000	0.000000	0.000000	0.000000	0.000000	0.000000	0.000000	0.000000	0.000000	0.000000	0.000000	0.000000	0.000000	0.000000	0.000000	0.000000	0.000000	0.000000	0.000000	0.000000	0.000000	0.000000	0.000000	0.000000	0.207552	4	4	4	5	5	5	5	13.949888	0	0	0	0	0	0.000000	0.000000	0.000000	0.000000
13.623000	0	0.006083	0.035595	0.999331	0.000098	0.003027	0.002507	-0.103157	-0.195501	-0.557539	-0.483706	-0.875203	0.006881	-0.874928	0.483318	-0.030063	0.022986	-0.020562	-0.999524	0.000000	0.000000	0.000000	16.900000	0.000000	0.000000	0.000000	0	0.000000	0.000000	0.000000	0.000000	0.000000	0.000000	-3.111524	-0.006881	-2.075694	0.100000	0.000000	0.000000	0.100000	0.000000	0.000000	0.100000	0.000000	0.000000	0.100000	0.000000	0.000000	0.000000	0.000000	0.000000	0.000000	0.000000	0.000000	0.000000	0.000000	0.000000	0.000000	0.000000	0.000000	0.000000	0.000000	0.000000	0.000000	0.000000	0.000000	0.000000	0.000000	0.000000	0.000000	0.207569	4	4	4	5	5	5	5	13.949888	0	0	0	0	0	0.000000	0.000000	0.000000	0.000000
13.639000	0	0.006083	0.035595	0.999331	0.000098	0.003027	0.002507	-0.103157	-0.195501	-0.557539	-0.483706	-0.875203	0.006881	-0.874928	0.483318	-0.030063	0.022986	-0.020562	-0.999524	0.000000	0.000000	0.000000	16.900000	0.000000	0.000000	0.000000	0	0.000000	0.000000	0.000000	0.000000	0.000000	0.000000	-3.111524	-0.006881	-2.075694	0.100000	0.000000	0.000000	0.100000	0.000000	0.000000	0.100000	0.000000	0.000000	0.100000	0.000000	0.000000	0.000000	0.000000	0.000000	0.000000	0.000000	0.000000	0.000000	0.000000	0.000000	0.000000	0.000000	0.000000	0.000000	0.000000	0.000000	0.000000	0.000000	0.000000	0.000000	0.000000	0.000000	0.000000	0.207569	4	4	4	5	5	5	5	13.949888	0	0	0	0	0	0.000000	0.000000	0.000000	0.000000
13.650000	0	0.003163	0.034721	1.001563	-0.003292	-0.001305	-0.005266	-0.103673	-0.195728	-0.557766	-0.483734	-0.875189	0.006810	-0.874913	0.483347	-0.030054	0.023011	-0.020496	-0.999525	0.000000	0.000000	0.000000	16.969999	0.000000	0.000000	0.000000	0	0.000000	0.000000	0.000000	0.000000	0.000000	0.000000	-3.111534	-0.006810	-2.075725	0.100000	0.000000	0.000000	0.100000	0.000000	0.000000	0.100000	0.000000	0.000000	0.100000	0.000000	0.000000	0.000000	0.000000	0.000000	0.000000	0.000000	0.000000	0.000000	0.000000	0.000000	0.000000	0.000000	0.000000	0.000000	0.000000	0.000000	0.000000	0.000000	0.000000	0.000000	0.000000	0.000000	0.000000	0.207573	4	4	4	5	5	5	5	13.949888	0	0	0	0	0	0.000000	0.000000	0.000000	0.000000
13.663000	0	0.003163	0.034721	1.001563	-0.003292	-0.001305	-0.005266	-0.103673	-0.195728	-0.557766	-0.483734	-0.875189	0.006810	-0.874913	0.483347	-0.030054	0.023011	-0.020496	-0.999525	0.000000	0.000000	0.000000	16.969999	0.000000	0.000000	0.000000	0	0.000000	0.000000	0.000000	0.000000	0.000000	0.000000	-3.111534	-0.006810	-2.075725	0.100000	0.000000	0.000000	0.100000	0.000000	0.000000	0.100000	0.000000	0.000000	0.100000	0.000000	0.000000	0.000000	0.000000	0.000000	0.000000	0.000000	0.000000	0.000000	0.000000	0.000000	0.000000	0.000000	0.000000	0.000000	0.000000	0.000000	0.000000	0.000000	0.000000	0.000000	0.000000	0.000000	0.000000	0.207573	4	4	4	5	5	5	5	13.949888	0	0	0	0	0	0.000000	0.000000	0.000000	0.000000
13.675000	0	0.005406	0.027336	1.002133	0.000500	0.004788	-0.001245	-0.102997	-0.195319	-0.557506	-0.483776	-0.875165	0.006805	-0.874891	0.483391	-0.029987	0.022954	-0.020460	-0.999527	0.000000	0.000000	0.000000	16.969999	0.000000	0.000000	0.000000	0	0.000000	0.000000	0.000000	0.000000	0.000000	0.000000	-3.111601	-0.006805	-2.075773	0.100000	0.000000	0.000000	0.100000	0.000000	0.000000	0.100000	0.000000	0.000000	0.100000	0.000000	0.000000	0.000000	0.000000	0.000000	0.000000	0.000000	0.000000	0.000000	0.000000	0.000000	0.000000	0.000000	0.000000	0.000000	0.000000	0.000000	0.000000	0.000000	0.000000	0.000000	0.000000	0.000000	0.000000	0.207577	4	4	4	5	5	5	5	13.949888	0	0	0	0	0	0.000000	0.000000	0.000000	0.000000
13.686000	0	0.005406	0.027336	1.002133	0.000500	0.004788	-0.001245	-0.102997	-0.195319	-0.557506	-0.483776	-0.875165	0.006805	-0.874891	0.483391	-0.029987	0.022954	-0.020460	-0.999527	0.000000	0.000000	0.000000	16.990000	0.000000	0.000000	0.000000	0	0.000000	0.000000	0.000000	0.000000	0.000000	0.000000	-3.111601	-0.006805	-2.075773	0.100000	0.000000	0.000000	0.100000	0.000000	0.000000	0.100000	0.000000	0.000000	0.100000	0.000000	0.000000	0.000000	0.000000	0.000000	0.000000	0.000000	0.000000	0.000000	0.000000	0.000000	0.000000	0.000000	0.000000	0.000000	0.000000	0.000000	0.000000	0.000000	0.000000	0.000000	0.000000	0.000000	0.000000	0.207577	4	4	4	5	5	5	5	13.949888	0	0	0	0	0	0.000000	0.000000	0.000000	0.000000
13.699000	0	0.005086	0.025411	1.002218	-0.000785	0.005920	-0.002332	-0.103068	-0.194963	-0.557721	-0.483722	-0.875195	0.006824	-0.874923	0.483339	-0.029903	0.022872	-0.020435	-0.999530	0.000000	0.000000	0.000000	16.990000	0.000000	0.000000	0.000000	0	0.000000	0.000000	0.000000	0.000000	0.000000	0.000000	-3.111685	-0.006824	-2.075712	0.100000	0.000000	0.000000	0.100000	0.000000	0.000000	0.100000	0.000000	0.000000	0.100000	0.000000	0.000000	0.000000	0.000000	0.000000	0.000000	0.000000	0.000000	0.000000	0.000000	0.000000	0.000000	0.000000	0.000000	0.000000	0.000000	0.000000	0.000000	0.000000	0.000000	0.000000	0.000000	0.000000	0.000000	0.207571	4	4	4	5	5	5	5	13.949888	0	0	0	0	0	0.000000	0.000000	0.000000	0.000000
13.711000	0	0.005086	0.025411	1.002218	-0.000785	0.005920	-0.002332	-0.103068	-0.194963	-0.557721	-0.483722	-0.875195	0.006824	-0.874923	0.483339	-0.029903	0.022872	-0.020435	-0.999530	0.000000	0.000000	0.000000	16.990000	0.000000	0.000000	0.000000	0	0.000000	0.000000	0.000000	0.000000	0.000000	0.000000	-3.111685	-0.006824	-2.075712	0.100000	0.000000	0.000000	0.100000	0.000000	0.000000	0.100000	0.000000	0.000000	0.100000	0.000000	0.000000	0.000000	0.000000	0.000000	0.000000	0.000000	0.000000	0.000000	0.000000	0.000000	0.000000	0.000000	0.000000	0.000000	0.000000	0.000000	0.000000	0.000000	0.000000	0.000000	0.000000	0.000000	0.000000	0.207571	4	4	4	5	5	5	5	13.949888	0	0	0	0	0	0.000000	0.000000	0.000000	0.000000
13.726000	0	0.005622	0.023180	1.004632	0.000779	0.001966	-0.002074	-0.102229	-0.194935	-0.557391	-0.483609	-0.875258	0.006796	-0.874986	0.483228	-0.029828	0.022823	-0.020372	-0.999532	0.000000	0.000000	0.000000	16.920000	0.000000	0.000000	0.000000	0	0.000000	0.000000	0.000000	0.000000	0.000000	0.000000	-3.111760	-0.006796	-2.075583	0.100000	0.000000	0.000000	0.100000	0.000000	0.000000	0.100000	0.000000	0.000000	0.100000	0.000000	0.000000	0.000000	0.000000	0.000000	0.000000	0.000000	0.000000	0.000000	0.000000	0.000000	0.000000	0.000000	0.000000	0.000000	0.000000	0.000000	0.000000	0.000000	0.000000	0.000000	0.000000	0.000000	0.000000	0.207558	4	4	4	5	5	5	5	13.949888	0	0	0	0	0	0.000000	0.000000	0.000000	0.000000
13.737000	0	0.005622	0.023180	1.004632	0.000779	0.001966	-0.002074	-0.102229	-0.194935	-0.557391	-0.483609	-0.875258	0.006796	-0.874986	0.483228	-0.029828	0.022823	-0.020372	-0.999532	0.000000	0.000000	0.000000	16.920000	0.000000	0.000000	0.000000	0	0.000000	0.000000	0.000000	0.000000	0.000000	0.000000	-3.111760	-0.006796	-2.075583	0.100000	0.000000	0.000000	0.100000	0.000000	0.000000	0.100000	0.000000	0.000000	0.100000	0.000000	0.000000	0.000000	0.000000	0.000000	0.000000	0.000000	0.000000	0.000000	0.000000	0.000000	0.000000	0.000000	0.000000	0.000000	0.000000	0.000000	0.000000	0.000000	0.000000	0.000000	0.000000	0.000000	0.000000	0.207558	4	4	4	5	5	5	5	13.949888	0	0	0	0	0	0.000000	0.000000	0.000000	0.000000
13.748000	0	0.003080	0.026420	1.004004	-0.000395	0.008465	-0.004213	-0.102352	-0.195102	-0.557680	-0.483554	-0.875288	0.006884	-0.875020	0.483172	-0.029763	0.022725	-0.020416	-0.999533	0.000000	0.000000	0.000000	16.920000	0.000000	0.000000	0.000000	0	0.000000	0.000000	0.000000	0.000000	0.000000	0.000000	-3.111825	-0.006884	-2.075520	0.100000	0.000000	0.000000	0.100000	0.000000	0.000000	0.100000	0.000000	0.000000	0.100000	0.000000	0.000000	0.000000	0.000000	0.000000	0.000000	0.000000	0.000000	0.000000	0.000000	0.000000	0.000000	0.000000	0.000000	0.000000	0.000000	0.000000	0.000000	0.000000	0.000000	0.000000	0.000000	0.000000	0.000000	0.207552	4	4	4	5	5	5	5	13.949888	0	0	0	0	0	0.000000	0.000000	0.000000	0.000000
13.764000	0	0.003080	0.026420	1.004004	-0.000395	0.008465	-0.004213	-0.102352	-0.195102	-0.557680	-0.483554	-0.875288	0.006884	-0.875020	0.483172	-0.029763	0.022725	-0.020416	-0.999533	0.000000	0.000000	0.000000	17.080000	0.000000	0.000000	0.000000	0	0.000000	0.000000	0.000000	0.000000	0.000000	0.000000	-3.111825	-0.006884	-2.075520	0.100000	0.000000	0.000000	0.100000	0.000000	0.000000	0.100000	0.000000	0.000000	0.100000	0.000000	0.000000	0.000000	0.000000	0.000000	0.000000	0.000000	0.000000	0.000000	0.000000	0.000000	0.000000	0.000000	0.000000	0.000000	0.000000	0.000000	0.000000	0.000000	0.000000	0.000000	0.000000	0.000000	0.000000	0.207552	4	4	4	5	5	5	5	13.949888	0	0	0	0	0	0.000000	0.000000	0.000000	0.000000
13.775000	0	0.004655	0.029954	1.001644	0.000628	0.007903	-0.005002	-0.103369	-0.195450	-0.557693	-0.483557	-0.875285	0.006989	-0.875019	0.483171	-0.029798	0.022705	-0.020524	-0.999532	0.000000	0.000000	0.000000	17.080000	0.000000	0.000000	0.000000	0	0.000000	0.000000	0.000000	0.000000	0.000000	0.000000	-3.111789	-0.006989	-2.075523	0.100000	0.000000	0.000000	0.100000	0.000000	0.000000	0.100000	0.000000	0.000000	0.100000	0.000000	0.000000	0.000000	0.000000	0.000000	0.000000	0.000000	0.000000	0.000000	0.000000	0.000000	0.000000	0.000000	0.000000	0.000000	0.000000	0.000000	0.000000	0.000000	0.000000	0.000000	0.000000	0.000000	0.000000	0.207552	4	4	4	5	5	5	5	13.949888	0	0	0	0	0	0.000000	0.000000	0.000000	0.000000
13.789000	0	0.004655	0.029954	1.001644	0.000628	0.007903	-0.005002	-0.103369	-0.195450	-0.557693	-0.483557	-0.875285	0.006989	-0.875019	0.483171	-0.029798	0.022705	-0.020524	-0.999532	0.000000	0.000000	0.000000	17.080000	0.000000	0.000000	0.000000	0	0.000000	0.000000	0.000000	0.000000	0.000000	0.000000	-3.111789	-0.006989	-2.075523	0.100000	0.000000	0.000000	0.100000	0.000000	0.000000	0.100000	0.000000	0.000000	0.100000	0.000000	0.000000	0.000000	0.000000	0.000000	0.000000	0.000000	0.000000	0.000000	0.000000	0.000000	0.000000	0.000000	0.000000	0.000000	0.000000	0.000000	0.000000	0.000000	0.000000	0.000000	0.000000	0.000000	0.000000	0.207552	4	4	4	5	5	5	5	13.949888	0	0	0	0	0	0.000000	0.000000	0.000000	0.000000
13.800000	0	0.006929	0.033613	1.001135	0.001019	0.004537	-0.000144	-0.102420	-0.195297	-0.558045	-0.483600	-0.875261	0.007009	-0.874993	0.483213	-0.029855	0.022743	-0.020571	-0.999530	0.000000	0.000000	0.000000	16.930000	0.000000	0.000000	0.000000	0	0.000000	0.000000	0.000000	0.000000	0.000000	0.000000	-3.111733	-0.007009	-2.075573	0.100000	0.000000	0.000000	0.100000	0.000000	0.000000	0.100000	0.000000	0.000000	0.100000	0.000000	0.000000	0.000000	0.000000	0.000000	0.000000	0.000000	0.000000	0.000000	0.000000	0.000000	0.000000	0.000000	0.000000	0.000000	0.000000	0.000000	0.000000	0.000000	0.000000	0.000000	0.000000	0.000000	0.000000	0.207557	4	4	4	5	5	5	5	13.949888	0	0	0	0	0	0.000000	0.000000	0.000000	0.000000
13.811000	0	0.006929	0.033613	1.001135	0.001019	0.004537	-0.000144	-0.102420	-0.195297	-0.558045	-0.483600	-0.875261	0.007009	-0.874993	0.483213	-0.029855	0.022743	-0.020571	-0.999530	0.000000	0.000000	0.000000	16.930000	0.000000	0.000000	0.000000	0	0.000000	0.000000	0.000000	0.000000	0.000000	0.000000	-3.111733	-0.007009	-2.075573	0.100000	0.000000	0.000000	0.100000	0.000000	0.000000	0.100000	0.000000	0.000000	0.100000	0.000000	0.000000	0.000000	0.000000	0.000000	0.000000	0.000000	0.000000	0.000000	0.000000	0.000000	0.000000	0.000000	0.000000	0.000000	0.000000	0.000000	0.000000	0.000000	0.000000	0.000000	0.000000	0.000000	0.000000	0.207557	4	4	4	5	5	5	5	13.949888	0	0	0	0	0	0.000000	0.000000	0.000000	0.000000
13.825000	0	0.004280	0.036486	1.000941	0.002310	0.002017	-0.000781	-0.102268	-0.195588	-0.557662	-0.483627	-0.875247	0.006945	-0.874974	0.483238	-0.030030	0.022927	-0.020600	-0.999525	0.000000	0.000000	0.000000	16.930000	0.000000	0.000000	0.000000	0	0.000000	0.000000	0.000000	0.000000	0.000000	0.000000	-3.111558	-0.006945	-2.075603	0.100000	0.000000	0.000000	0.100000	0.000000	0.000000	0.100000	0.000000	0.000000	0.100000	0.000000	0.000000	0.000000	0.000000	0.000000	0.000000	0.000000	0.000000	0.000000	0.000000	0.000000	0.000000	0.000000	0.000000	0.000000	0.000000	0.000000	0.000000	0.000000	0.000000	0.000000	0.000000	0.000000	0.000000	0.207560	4	4	4	5	5	5	5	13.949888	0	0	0	0	0	0.000000	0.000000	0.000000	0.000000
13.836000	0	0.004280	0.036486	1.000941	0.002310	0.002017	-0.000781	-0.102268	-0.195588	-0.557662	-0.483627	-0.875247	0.006945	-0.874974	0.483238	-0.030030	0.022927	-0.020600	-0.999525	0.000000	0.000000	0.000000	17.049999	0.000000	0.000000	0.000000	0	0.000000	0.000000	0.000000	0.000000	0.000000	0.000000	-3.111558	-0.006945	-2.075603	0.100000	0.000000	0.000000	0.100000	0.000000	0.000000	0.100000	0.000000	0.000000	0.100000	0.000000	0.000000	0.000000	0.000000	0.000000	0.000000	0.000000	0.000000	0.000000	0.000000	0.000000	0.000000	0.000000	0.000000	0.000000	0.000000	0.000000	0.000000	0.000000	0.000000	0.000000	0.000000	0.000000	0.000000	0.207560	4	4	4	5	5	5	5	13.949888	0	0	0	0	0	0.000000	0.000000	0.000000	0.000000
13.851000	0	0.002597	0.032513	1.001080	-0.002933	0.000385	-0.000592	-0.102559	-0.195785	-0.557650	-0.483676	-0.875220	0.006871	-0.874945	0.483289	-0.030038	0.022969	-0.020541	-0.999525	0.000000	0.000000	0.000000	17.049999	0.000000	0.000000	0.000000	0	0.000000	0.000000	0.000000	0.000000	0.000000	0.000000	-3.111549	-0.006871	-2.075660	0.100000	0.000000	0.000000	0.100000	0.000000	0.000000	0.100000	0.000000	0.000000	0.100000	0.000000	0.000000	0.000000	0.000000	0.000000	0.000000	0.000000	0.000000	0.000000	0.000000	0.000000	0.000000	0.000000	0.000000	0.000000	0.000000	0.000000	0.000000	0.000000	0.000000	0.000000	0.000000	0.000000	0.000000	0.207566	4	4	4	5	5	5	5	13.949888	0	0	0	0	0	0.000000	0.000000	0.000000	0.000000
13.862000	0	0.002597	0.032513	1.001080	-0.002933	0.000385	-0.000592	-0.102559	-0.195785	-0.557650	-0.483676	-0.875220	0.006871	-0.874945	0.483289	-0.030038	0.022969	-0.020541	-0.999525	0.000000	0.000000	0.000000	17.049999	0.000000	0.000000	0.000000	0	0.000000	0.000000	0.000000	0.000000	0.000000	0.000000	-3.111549	-0.006871	-2.075660	0.100000	0.000000	0.000000	0.100000	0.000000	0.000000	0.100000	0.000000	0.000000	0.100000	0.000000	0.000000	0.000000	0.000000	0.000000	0.000000	0.000000	0.000000	0.000000	0.000000	0.000000	0.000000	0.000000	0.000000	0.000000	0.000000	0.000000	0.000000	0.000000	0.000000	0.000000	0.000000	0.000000	0.000000	0.207566	4	4	4	5	5	5	5	13.949888	0	0	0	0	0	0.000000	0.000000	0.000000	0.000000
13.873000	0	0.003726	0.026981	1.003773	-0.000844	0.002159	-0.001881	-0.102932	-0.195301	-0.557867	-0.483714	-0.875199	0.006858	-0.874924	0.483327	-0.030051	0.022986	-0.020537	-0.999525	0.000000	0.000000	0.000000	16.980000	0.000000	0.000000	0.000000	0	0.000000	0.000000	0.000000	0.000000	0.000000	0.000000	-3.111537	-0.006858	-2.075703	0.100000	0.000000	0.000000	0.100000	0.000000	0.000000	0.100000	0.000000	0.000000	0.100000	0.000000	0.000000	0.000000	0.000000	0.000000	0.000000	0.000000	0.000000	0.000000	0.000000	0.000000	0.000000	0.000000	0.000000	0.000000	0.000000	0.000000	0.000000	0.000000	0.000000	0.000000	0.000000	0.000000	0.000000	0.207570	4	4	4	5	5	5	5	13.949888	0	0	0	0	0	0.000000	0.000000	0.000000	0.000000
13.889000	0	0.003726	0.026981	1.003773	-0.000844	0.002159	-0.001881	-0.102932	-0.195301	-0.557867	-0.483714	-0.875199	0.006858	-0.874924	0.483327	-0.030051	0.022986	-0.020537	-0.999525	0.000000	0.000000	0.000000	16.980000	0.000000	0.000000	0.000000	0	0.000000	0.000000	0.000000	0.000000	0.000000	0.000000	-3.111537	-0.006858	-2.075703	0.100000	0.000000	0.000000	0.100000	0.000000	0.000000	0.100000	0.000000	0.000000	0.100000	0.000000	0.000000	0.000000	0.000000	0.000000	0.000000	0.000000	0.000000	0.000000	0.000000	0.000000	0.000000	0.000000	0.000000	0.000000	0.000000	0.000000	0.000000	0.000000	0.000000	0.000000	0.000000	0.000000	0.000000	0.207570	4	4	4	5	5	5	5	13.949888	0	0	0	0	0	0.000000	0.000000	0.000000	0.000000
13.900000	0	0.006827	0.023952	1.004391	0.000391	0.005431	-0.002675	-0.102032	-0.194930	-0.558092	-0.483643	-0.875239	0.006858	-0.874965	0.483257	-0.030000	0.022943	-0.020510	-0.999526	0.000000	0.000000	0.000000	16.980000	0.000000	0.000000	0.000000	0	0.000000	0.000000	0.000000	0.000000	0.000000	0.000000	-3.111587	-0.006858	-2.075621	0.100000	0.000000	0.000000	0.100000	0.000000	0.000000	0.100000	0.000000	0.000000	0.100000	0.000000	0.000000	0.000000	0.000000	0.000000	0.000000	0.000000	0.000000	0.000000	0.000000	0.000000	0.000000	0.000000	0.000000	0.000000	0.000000	0.000000	0.000000	0.000000	0.000000	0.000000	0.000000	0.000000	0.000000	0.207562	4	4	4	5	5	5	5	13.949888	0	0	0	0	0	0.000000	0.000000	0.000000	0.000000
13.914000	0	0.006827	0.023952	1.004391	0.000391	0.005431	-0.002675	-0.102032	-0.194930	-0.558092	-0.483643	-0.875239	0.006858	-0.874965	0.483257	-0.030000	0.022943	-0.020510	-0.999526	0.000000	0.000000	0.000000	17.100000	0.000000	0.000000	0.000000	0	0.000000	0.000000	0.000000	0.000000	0.000000	0.000000	-3.111587	-0.006858	-2.075621	0.100000	0.000000	0.000000	0.100000	0.000000	0.000000	0.100000	0.000000	0.000000	0.100000	0.000000	0.000000	0.000000	0.000000	0.000000	0.000000	0.000000	0.000000	0.000000	0.000000	0.000000	0.000000	0.000000	0.000000	0.000000	0.000000	0.000000	0.000000	0.000000	0.000000	0.000000	0.000000	0.000000	0.000000	0.207562	4	4	4	5	5	5	5	13.949888	0	0	0	0	0	0.000000	0.000000	0.000000	0.000000
13.925000	0	0.004090	0.023051	1.006024	-0.002003	0.004676	0.000743	-0.103011	-0.194879	-0.558172	-0.483587	-0.875270	0.006778	-0.874997	0.483205	-0.029887	0.022884	-0.020383	-0.999530	0.000000	0.000000	0.000000	17.100000	0.000000	0.000000	0.000000	0	0.000000	0.000000	0.000000	0.000000	0.000000	0.000000	-3.111701	-0.006778	-2.075557	0.100000	0.000000	0.000000	0.100000	0.000000	0.000000	0.100000	0.000000	0.000000	0.100000	0.000000	0.000000	0.000000	0.000000	0.000000	0.000000	0.000000	0.000000	0.000000	0.000000	0.000000	0.000000	0.000000	0.000000	0.000000	0.000000	0.000000	0.000000	0.000000	0.000000	0.000000	0.000000	0.000000	0.000000	0.207556	4	4	4	5	5	5	5	13.949888	0	0	0	0	0	0.000000	0.000000	0.000000	0.000000
13.940000	0	0.004090	0.023051	1.006024	-0.002003	0.004676	0.000743	-0.103011	-0.194879	-0.558172	-0.483587	-0.875270	0.006778	-0.874997	0.483205	-0.029887	0.022884	-0.020383	-0.999530	0.000000	0.000000	0.000000	17.100000	0.000000	0.000000	0.000000	0	0.000000	0.000000	0.000000	0.000000	0.000000	0.000000	-3.111701	-0.006778	-2.075557	0.100000	0.000000	0.000000	0.100000	0.000000	0.000000	0.100000	0.000000	0.000000	0.100000	0.000000	0.000000	0.000000	0.000000	0.000000	0.000000	0.000000	0.000000	0.000000	0.000000	0.000000	0.000000	0.000000	0.000000	0.000000	0.000000	0.000000	0.000000	0.000000	0.000000	0.000000	0.000000	0.000000	0.000000	0.207556	4	4	4	5	5	5	5	13.949888	0	0	0	0	0	0.000000	0.000000	0.000000	0.000000
13.951000	0	0.002404	0.026105	1.004114	0.000464	0.007082	-0.001108	-0.102996	-0.196119	-0.557818	-0.483613	-0.875256	0.006805	-0.874984	0.483231	-0.029849	0.022837	-0.020390	-0.999531	0.000000	0.000000	0.000000	16.969999	0.000000	0.000000	0.000000	0	0.000000	0.000000	0.000000	0.000000	0.000000	0.000000	-3.111739	-0.006805	-2.075587	0.100000	0.000000	0.000000	0.100000	0.000000	0.000000	0.100000	0.000000	0.000000	0.100000	0.000000	0.000000	0.000000	0.000000	0.000000	0.000000	0.000000	0.000000	0.000000	0.000000	0.000000	0.000000	0.000000	0.000000	0.000000	0.000000	0.000000	0.000000	0.000000	0.000000	0.000000	0.000000	0.000000	0.000000	0.207559	4	4	4	5	5	5	5	13.949888	0	0	0	0	0	0.000000	0.000000	0.000000	0.000000
13.962000	0	0.002404	0.026105	1.004114	0.000464	0.007082	-0.001108	-0.102996	-0.196119	-0.557818	-0.483613	-0.875256	0.006805	-0.874984	0.483231	-0.029849	0.022837	-0.020390	-0.999531	0.000000	0.000000	0.000000	16.969999	0.000000	0.000000	0.000000	0	0.000000	0.000000	0.000000	0.000000	0.000000	0.000000	-3.111739	-0.006805	-2.075587	0.100000	0.000000	0.000000	0.100000	0.000000	0.000000	0.100000	0.000000	0.000000	0.100000	0.000000	0.000000	0.000000	0.000000	0.000000	0.000000	0.000000	0.000000	0.000000	0.000000	0.000000	0.000000	0.000000	0.000000	0.000000	0.000000	0.000000	0.000000	0.000000	0.000000	0.000000	0.000000	0.000000	0.000000	0.207559	4	4	4	5	5	5	5	13.949888	0	0	0	0	0	0.000000	0.000000	0.000000	0.000000
13.978000	0	0.004650	0.031452	1.002603	0.000353	0.008992	-0.002559	-0.102540	-0.194751	-0.557734	-0.483662	-0.875227	0.006946	-0.874957	0.483276	-0.029919	0.022829	-0.020548	-0.999528	0.000000	0.000000	0.000000	16.969999	0.000000	0.000000	0.000000	0	0.000000	0.000000	0.000000	0.000000	0.000000	0.000000	-3.111669	-0.006946	-2.075644	0.100000	0.000000	0.000000	0.100000	0.000000	0.000000	0.100000	0.000000	0.000000	0.100000	0.000000	0.000000	0.000000	0.000000	0.000000	0.000000	0.000000	0.000000	0.000000	0.000000	0.000000	0.000000	0.000000	0.000000	0.000000	0.000000	0.000000	0.000000	0.000000	0.000000	0.000000	0.000000	0.000000	0.000000	0.207564	4	4	4	5	5	5	5	13.949888	0	0	0	0	0	0.000000	0.000000	0.000000	0.000000
13.989000	0	0.004650	0.031452	1.002603	0.000353	0.008992	-0.002559	-0.102540	-0.194751	-0.557734	-0.483662	-0.875227	0.006946	-0.874957	0.483276	-0.029919	0.022829	-0.020548	-0.999528	0.000000	0.000000	0.000000	16.959999	0.000000	0.000000	0.000000	0	0.000000	0.000000	0.000000	0.000000	0.000000	0.000000	-3.111669	-0.006946	-2.075644	0.100000	0.000000	0.000000	0.100000	0.000000	0.000000	0.100000	0.000000	0.000000	0.100000	0.000000	0.000000	0.000000	0.000000	0.000000	0.000000	0.000000	0.000000	0.000000	0.000000	0.000000	0.000000	0.000000	0.000000	0.000000	0.000000	0.000000	0.000000	0.000000	0.000000	0.000000	0.000000	0.000000	0.000000	0.207564	4	4	4	5	5	5	5	13.949888	0	0	0	0	0	0.000000	0.000000	0.000000	0.000000
14.004000	0	0.008552	0.035007	1.003467	-0.000122	0.007276	-0.000664	-0.102937	-0.194545	-0.556820	-0.483726	-0.875191	0.007014	-0.874921	0.483337	-0.029962	0.022833	-0.020631	-0.999526	0.000000	0.000000	0.000000	16.959999	0.000000	0.000000	0.000000	0	0.000000	0.000000	0.000000	0.000000	0.000000	0.000000	-3.111625	-0.007014	-2.075717	0.100000	0.000000	0.000000	0.100000	0.000000	0.000000	0.100000	0.000000	0.000000	0.100000	0.000000	0.000000	0.000000	0.000000	0.000000	0.000000	0.000000	0.000000	0.000000	0.000000	0.000000	0.000000	0.000000	0.000000	0.000000	0.000000	0.000000	0.000000	0.000000	0.000000	0.000000	0.000000	0.000000	0.000000	0.207572	4	4	4	5	5	5	5	13.949888	0	0	0	0	0	0.000000	0.000000	0.000000	0.000000
14.015000	0	0.008552	0.035007	1.003467	-0.000122	0.007276	-0.000664	-0.102937	-0.194545	-0.556820	-0.483726	-0.875191	0.007014	-0.874921	0.483337	-0.029962	0.022833	-0.020631	-0.999526	0.000000	0.000000	0.000000	16.959999	0.000000	0.000000	0.000000	0	0.000000	0.000000	0.000000	0.000000	0.000000	0.000000	-3.111625	-0.007014	-2.075717	0.100000	0.000000	0.000000	0.100000	0.000000	0.000000	0.100000	0.000000	0.000000	0.100000	0.000000	0.000000	0.000000	0.000000	0.000000	0.000000	0.000000	0.000000	0.000000	0.000000	0.000000	0.000000	0.000000	0.000000	0.000000	0.000000	0.000000	0.000000	0.000000	0.000000	0.000000	0.000000	0.000000	0.000000	0.207572	4	4	4	5	5	5	5	13.949888	0	0	0	0	0	0.000000	0.000000	0.000000	0.000000
14.026000	0	0.004352	0.034752	1.000427	0.001167	0.001715	-0.000134	-0.102421	-0.194868	-0.557682	-0.483736	-0.875186	0.007013	-0.874915	0.483345	-0.030032	0.022894	-0.020664	-0.999524	0.000000	0.000000	0.000000	16.950001	0.000000	0.000000	0.000000	0	0.000000	0.000000	0.000000	0.000000	0.000000	0.000000	-3.111556	-0.007014	-2.075728	0.100000	0.000000	0.000000	0.100000	0.000000	0.000000	0.100000	0.000000	0.000000	0.100000	0.000000	0.000000	0.000000	0.000000	0.000000	0.000000	0.000000	0.000000	0.000000	0.000000	0.000000	0.000000	0.000000	0.000000	0.000000	0.000000	0.000000	0.000000	0.000000	0.000000	0.000000	0.000000	0.000000	0.000000	0.207573	4	4	4	5	5	5	5	13.949888	0	0	0	0	0	0.000000	0.000000	0.000000	0.000000
14.039000	0	0.004352	0.034752	1.000427	0.001167	0.001715	-0.000134	-0.102421	-0.194868	-0.557682	-0.483736	-0.875186	0.007013	-0.874915	0.483345	-0.030032	0.022894	-0.020664	-0.999524	0.000000	0.000000	0.000000	16.950001	0.000000	0.000000	0.000000	0	0.000000	0.000000	0.000000	0.000000	0.000000	0.000000	-3.111556	-0.007014	-2.075728	0.100000	0.000000	0.000000	0.100000	0.000000	0.000000	0.100000	0.000000	0.000000	0.100000	0.000000	0.000000	0.000000	0.000000	0.000000	0.000000	0.000000	0.000000	0.000000	0.000000	0.000000	0.000000	0.000000	0.000000	0.000000	0.000000	0.000000	0.000000	0.000000	0.000000	0.000000	0.000000	0.000000	0.000000	0.207573	4	4	4	5	5	5	5	13.949888	0	0	0	0	0	0.000000	0.000000	0.000000	0.000000
14.051000	0	0.002255	0.030673	1.000320	-0.001395	-0.001320	-0.000108	-0.102386	-0.195808	-0.557892	-0.483802	-0.875150	0.006934	-0.874877	0.483413	-0.030031	0.022929	-0.020595	-0.999525	0.000000	0.000000	0.000000	16.950001	0.000000	0.000000	0.000000	0	0.000000	0.000000	0.000000	0.000000	0.000000	0.000000	-3.111557	-0.006934	-2.075803	0.100000	0.000000	0.000000	0.100000	0.000000	0.000000	0.100000	0.000000	0.000000	0.100000	0.000000	0.000000	0.000000	0.000000	0.000000	0.000000	0.000000	0.000000	0.000000	0.000000	0.000000	0.000000	0.000000	0.000000	0.000000	0.000000	0.000000	0.000000	0.000000	0.000000	0.000000	0.000000	0.000000	0.000000	0.207580	4	4	4	5	5	5	5	13.949888	0	0	0	0	0	0.000000	0.000000	0.000000	0.000000
14.066000	0	0.002255	0.030673	1.000320	-0.001395	-0.001320	-0.000108	-0.102386	-0.195808	-0.557892	-0.483802	-0.875150	0.006934	-0.874877	0.483413	-0.030031	0.022929	-0.020595	-0.999525	0.000000	0.000000	0.000000	17.030001	0.000000	0.000000	0.000000	0	0.000000	0.000000	0.000000	0.000000	0.000000	0.000000	-3.111557	-0.006934	-2.075803	0.100000	0.000000	0.000000	0.100000	0.000000	0.000000	0.100000	0.000000	0.000000	0.100000	0.000000	0.000000	0.000000	0.000000	0.000000	0.000000	0.000000	0.000000	0.000000	0.000000	0.000000	0.000000	0.000000	0.000000	0.000000	0.000000	0.000000	0.000000	0.000000	0.000000	0.000000	0.000000	0.000000	0.000000	0.207580	4	4	4	5	5	5	5	13.949888	0	0	0	0	0	0.000000	0.000000	0.000000	0.000000
14.077000	0	0.005610	0.027366	1.003794	0.000030	-0.000541	0.000570	-0.103122	-0.194521	-0.558128	-0.483850	-0.875124	0.006893	-0.874852	0.483463	-0.029969	0.022894	-0.020530	-0.999527	0.000000	0.000000	0.000000	17.030001	0.000000	0.000000	0.000000	0	0.000000	0.000000	0.000000	0.000000	0.000000	0.000000	-3.111619	-0.006893	-2.075858	0.100000	0.000000	0.000000	0.100000	0.000000	0.000000	0.100000	0.000000	0.000000	0.100000	0.000000	0.000000	0.000000	0.000000	0.000000	0.000000	0.000000	0.000000	0.000000	0.000000	0.000000	0.000000	0.000000	0.000000	0.000000	0.000000	0.000000	0.000000	0.000000	0.000000	0.000000	0.000000	0.000000	0.000000	0.207586	4	4	4	5	5	5	5	13.949888	0	0	0	0	0	0.000000	0.000000	0.000000	0.000000
14.088000	0	0.005610	0.027366	1.003794	0.000030	-0.000541	0.000570	-0.103122	-0.194521	-0.558128	-0.483850	-0.875124	0.006893	-0.874852	0.483463	-0.029969	0.022894	-0.020530	-0.999527	0.000000	0.000000	0.000000	17.030001	0.000000	0.000000	0.000000	0	0.000000	0.000000	0.000000	0.000000	0.000000	0.000000	-3.111619	-0.006893	-2.075858	0.100000	0.000000	0.000000	0.100000	0.000000	0.000000	0.100000	0.000000	0.000000	0.100000	0.000000	0.000000	0.000000	0.000000	0.000000	0.000000	0.000000	0.000000	0.000000	0.000000	0.000000	0.000000	0.000000	0.000000	0.000000	0.000000	0.000000	0.000000	0.000000	0.000000	0.000000	0.000000	0.000000	0.000000	0.207586	4	4	4	5	5	5	5	13.949888	0	0	0	0	0	0.000000	0.000000	0.000000	0.000000
